broke010.jpg 3 209.4636056575186 311.59165631552395 420.86009385206546 429.4118025762519
broke011.jpg 1 23.010219076425216 21.038451067954632 333.18083007598875 299.4639362247321
broke02.jpg 1 174.21875661474812 268.2336523655097 818.1373852427091 809.9379231769992
broke03.jpg 1 147.70475356030136 195.93630083478965 614.4527605330062 595.038434784296
broke05.jpg 1 86.6733899109764 148.33864098457144 317.7968362334014 258.82135925674487
broke06.jpg 1 107.29514295193022 0.5307364376961673 481.9734167157093 393.6155919338278
broke07.jpg 1 93.01552120103688 131.55442047826114 532.6481769687273 531.9547513834191
broke08.jpg 1 93.01552120103688 131.55442047826114 532.6481769687273 531.9547513834191
broke010.jpg 3 209.4636056575186 311.59165631552395 420.86009385206546 429.4118025762519
broke011.jpg 1 23.010219076425216 21.038451067954632 333.18083007598875 299.4639362247321
broke02.jpg 1 174.21875661474812 268.2336523655097 818.1373852427091 809.9379231769992
broke03.jpg 1 147.70475356030136 195.93630083478965 614.4527605330062 595.038434784296
broke05.jpg 1 86.6733899109764 148.33864098457144 317.7968362334014 258.82135925674487
broke06.jpg 1 107.29514295193022 0.5307364376961673 481.9734167157093 393.6155919338278
broke07.jpg 1 93.01552120103688 131.55442047826114 532.6481769687273 531.9547513834191
broke08.jpg 1 93.01552120103688 131.55442047826114 532.6481769687273 531.9547513834191
broke010.jpg 3 209.4636056575186 311.59165631552395 420.86009385206546 429.4118025762519
broke011.jpg 1 23.010219076425216 21.038451067954632 333.18083007598875 299.4639362247321
broke02.jpg 1 174.21875661474812 268.2336523655097 818.1373852427091 809.9379231769992
broke03.jpg 1 147.70475356030136 195.93630083478965 614.4527605330062 595.038434784296
broke05.jpg 1 86.6733899109764 148.33864098457144 317.7968362334014 258.82135925674487
broke06.jpg 1 107.29514295193022 0.5307364376961673 481.9734167157093 393.6155919338278
broke07.jpg 1 93.01552120103688 131.55442047826114 532.6481769687273 531.9547513834191
broke08.jpg 1 93.01552120103688 131.55442047826114 532.6481769687273 531.9547513834191
broke010.jpg 3 209.4636056575186 311.59165631552395 420.86009385206546 429.4118025762519
broke011.jpg 1 23.010219076425216 21.038451067954632 333.18083007598875 299.4639362247321
broke02.jpg 1 174.21875661474812 268.2336523655097 818.1373852427091 809.9379231769992
broke03.jpg 1 147.70475356030136 195.93630083478965 614.4527605330062 595.038434784296
broke05.jpg 1 86.6733899109764 148.33864098457144 317.7968362334014 258.82135925674487
broke06.jpg 1 107.29514295193022 0.5307364376961673 481.9734167157093 393.6155919338278
broke07.jpg 1 93.01552120103688 131.55442047826114 532.6481769687273 531.9547513834191
broke08.jpg 1 93.01552120103688 131.55442047826114 532.6481769687273 531.9547513834191
broke010.jpg 3 209.4636056575186 311.59165631552395 420.86009385206546 429.4118025762519
broke011.jpg 1 23.010219076425216 21.038451067954632 333.18083007598875 299.4639362247321
broke02.jpg 1 174.21875661474812 268.2336523655097 818.1373852427091 809.9379231769992
broke03.jpg 1 147.70475356030136 195.93630083478965 614.4527605330062 595.038434784296
broke05.jpg 1 86.6733899109764 148.33864098457144 317.7968362334014 258.82135925674487
broke06.jpg 1 107.29514295193022 0.5307364376961673 481.9734167157093 393.6155919338278
broke07.jpg 1 93.01552120103688 131.55442047826114 532.6481769687273 531.9547513834191
broke08.jpg 1 93.01552120103688 131.55442047826114 532.6481769687273 531.9547513834191
broke010.jpg 3 209.4636056575186 311.59165631552395 420.86009385206546 429.4118025762519
broke011.jpg 1 23.010219076425216 21.038451067954632 333.18083007598875 299.4639362247321
broke02.jpg 1 174.21875661474812 268.2336523655097 818.1373852427091 809.9379231769992
broke03.jpg 1 147.70475356030136 195.93630083478965 614.4527605330062 595.038434784296
broke05.jpg 1 86.6733899109764 148.33864098457144 317.7968362334014 258.82135925674487
broke06.jpg 1 107.29514295193022 0.5307364376961673 481.9734167157093 393.6155919338278
broke07.jpg 1 93.01552120103688 131.55442047826114 532.6481769687273 531.9547513834191
broke08.jpg 1 93.01552120103688 131.55442047826114 532.6481769687273 531.9547513834191
broke010.jpg 3 209.4636056575186 311.59165631552395 420.86009385206546 429.4118025762519
broke011.jpg 1 23.010219076425216 21.038451067954632 333.18083007598875 299.4639362247321
broke02.jpg 1 174.21875661474812 268.2336523655097 818.1373852427091 809.9379231769992
broke03.jpg 1 147.70475356030136 195.93630083478965 614.4527605330062 595.038434784296
broke05.jpg 1 86.6733899109764 148.33864098457144 317.7968362334014 258.82135925674487
broke06.jpg 1 107.29514295193022 0.5307364376961673 481.9734167157093 393.6155919338278
broke07.jpg 1 93.01552120103688 131.55442047826114 532.6481769687273 531.9547513834191
broke08.jpg 1 93.01552120103688 131.55442047826114 532.6481769687273 531.9547513834191
