broke010.jpg 210.2144 309.61136 420.88605 428.93372 0.0 0.0 0.0 0.0 0.0 0.0 0.0 0.0 0.0 0.0 0.0 0.0 0.9530423 0.9583837 0.94102824 0.94244534 0.0 0.0 0.0 0.0 0.0 0.0 0.0 0.0 0.05764502266988063 0.057708535102444905 0.0579276698088843 0.055169566761363635 
broke011.jpg 24.912949 23.294525 336.18658 299.5846 0.0 0.0 0.0 0.0 0.92472523 0.9224341 0.91178995 0.9380212 0.0 0.0 0.0 0.0 0.0 0.0 0.0 0.0 0.0 0.0 0.0 0.0 0.0 0.0 0.0 0.0 0.7130337890625 0.6848891927083334 0.7357586588541667 0.7166817708333333 
broke013.jpg 144.2326 83.24744 409.11853 313.15695 0.0 0.0 0.0 0.0 0.9576898 0.96118706 0.9194441 0.95085627 0.0 0.0 0.0 0.0 0.0 0.0 0.0 0.0 0.0 0.0 0.0 0.0 0.0 0.0 0.0 0.0 0.23598785665760869 0.22065142379981884 0.2384704483695652 0.22264545120018117 
broke014.jpg 9.470937 50.43055 500.0 521.3357 0.0 0.0 0.0 0.0 0.9456326 0.94611365 0.9189992 0.96374434 0.0 0.0 0.0 0.0 0.0 0.0 0.0 0.0 0.0 0.0 0.0 0.0 0.0 0.0 0.0 0.0 0.7474978448275862 0.7024839767616192 0.7541407421289356 0.6926316529235382 
broke015.jpg 162.87646 172.40707 561.4949 360.7897 0.0 0.0 0.0 0.0 0.0 0.0 0.290041 0.9213161 0.0 0.82629305 0.0 0.0 0.0 0.0 0.0 0.0 0.0 0.0 0.0 0.0 1.0 0.0 0.0 0.0 0.0 0.21196713362068967 0.2211471607946027 0.22516576086956522 
broke016.jpg 53.061867 102.85797 455.661 368.5884 0.0 0.4931564 0.0 0.0 0.821031 0.47811478 0.777446 0.76165855 0.0 0.0 0.0 0.0 0.0 0.0 0.0 0.0 0.0 0.0 0.0 0.0 0.0 0.0 0.0 0.0 0.5705752083333333 0.5654456666666666 0.5226625 0.44690475 
broke017.jpg 67.48858 174.18953 442.68253 536.1597 0.0 0.7628218 0.0 0.0 0.7800757 0.0 0.88273835 0.8305818 0.0 0.0 0.0 0.0 0.3360796 0.0 0.0 0.0 0.0 0.0 0.0 0.0 0.0 0.0 0.0 0.0 0.3948981915292354 0.36678511525487256 0.4072234820089955 0.412095296101949 
broke018.jpg 84.370735 144.80884 256.81613 265.22458 0.0 0.0 0.0 0.0 0.9617932 0.97709197 0.9245807 0.95194405 0.0 0.0 0.0 0.0 0.0 0.0 0.0 0.0 0.0 0.0 0.0 0.0 0.0 0.0 0.0 0.0 0.12008777083333333 0.11074741666666667 0.11656317708333333 0.10812002083333333 
broke019.jpg 81.470116 152.5547 371.4688 407.33365 0.0 0.0 0.0 0.0 0.9303507 0.95561516 0.88593197 0.9384671 0.0 0.0 0.0 0.0 0.0 0.0 0.0 0.0 0.0 0.0 0.0 0.0 0.0 0.0 0.0 0.0 0.39170925920497185 0.34655517120075047 0.4068862863508443 0.3795945341815197 
broke02.jpg 176.21298 269.6044 823.646 817.5652 0.0 0.0 0.0 0.0 0.957639 0.9239336 0.91952425 0.9362203 0.0 0.0 0.0 0.0 0.0 0.0 0.0 0.0 0.0 0.0 0.0 0.0 0.0 0.0 0.0 0.0 0.36837952987903017 0.37226023441150513 0.3562842985826281 0.3570521714864233 
broke020.jpg 109.1476 7.2828064 454.47192 311.8463 0.0 0.0 0.0 0.0 0.96908534 0.9451422 0.9687075 0.96581465 0.0 0.0 0.0 0.0 0.0 0.0 0.0 0.0 0.0 0.0 0.0 0.0 0.0 0.0 0.0 0.0 0.5135409927368164 0.5292303085327148 0.5133919525146484 0.5231802368164062 
broke021.jpg 39.458286 303.68427 441.79147 591.6306 0.0 0.9202922 0.0 0.6224306 0.94660926 0.0 0.9157247 0.0 0.0 0.0 0.0 0.0 0.0 0.0 0.0 0.0 0.0 0.0 0.0 0.0 0.0 0.0 0.0 0.0 0.3473774362818591 0.3262342344452774 0.33127635401049477 0.3219501733508246 
broke022.jpg 276.60925 125.36598 380.2175 156.76387 0.0 0.0 0.0 0.0 0.0 0.0 0.0 0.0 0.0 0.0 0.0 0.0 0.5730234 0.51491606 0.77137035 0.84069806 0.0 0.0 0.0 0.0 0.0 0.0 0.0 0.0 0.009694617046945277 0.008845319527736132 0.009730042693497 0.009754363052848576 
broke022.jpg 290.27487 228.76695 440.90298 304.5691 0.0 0.0 0.0 0.0 0.0 0.7977013 0.6059119 0.5493881 0.8038366 0.0 0.60234123 0.52170867 0.0 0.0 0.0 0.0 0.0 0.0 0.0 0.0 0.0 0.0 0.0 0.0 0.03423668244002998 0.03265974044227886 0.03983411614505247 0.02811722263868066 
broke023.jpg 361.46365 667.47174 731.94324 970.8304 0.0 0.0 0.0 0.0 0.9472702 0.9753684 0.9453863 0.9546217 0.0 0.0 0.0 0.0 0.0 0.0 0.0 0.0 0.0 0.0 0.0 0.0 0.0 0.0 0.0 0.0 0.07203630863393776 0.07226606706532922 0.07160361709908693 0.07206690658757715 
broke024.jpg 131.97581 462.05695 328.84863 590.7912 0.0 0.0 0.0 0.0 0.9516585 0.9700613 0.9465223 0.9429324 0.0 0.0 0.0 0.0 0.0 0.0 0.0 0.0 0.0 0.0 0.0 0.0 0.0 0.0 0.0 0.0 0.07721203429992493 0.07610893510698198 0.07884670608108107 0.07589817942942943 
broke025.jpg 74.85991 317.50168 499.1227 726.6644 0.0 0.0 0.0 0.0 0.9711307 0.95435816 0.9685053 0.96536124 0.0 0.0 0.0 0.0 0.0 0.0 0.0 0.0 0.0 0.0 0.0 0.0 0.0 0.0 0.0 0.0 0.3905344136670416 0.38496614876265467 0.3909892435320585 0.38405933633295836 
broke026.jpg 284.4486 45.152687 862.36414 499.0133 0.0 0.0 0.0 0.0 0.96215224 0.93395776 0.9291801 0.93244386 0.0 0.0 0.0 0.0 0.0 0.0 0.0 0.0 0.0 0.0 0.0 0.0 0.0 0.0 0.0 0.0 0.5881011070627803 0.5201133338004484 0.6166635369955157 0.5406752732623319 
broke027.jpg 58.757233 204.25005 296.2896 427.01892 0.0 0.0 0.0 0.0 0.94564545 0.9305711 0.8931885 0.9220875 0.0 0.0 0.0 0.0 0.0 0.0 0.0 0.0 0.0 0.0 0.0 0.0 0.0 0.0 0.0 0.0 0.282212375 0.28384102083333335 0.2919757708333333 0.2744313125 
broke027.jpg 299.3943 79.728004 374.8019 190.49724 0.0 0.42393565 0.0 0.0 0.26784557 0.0 0.0 0.36661464 0.0 0.0 0.0 0.0 0.0 0.0 0.0 0.0 0.0 0.0 0.0 0.0 0.0 0.0 1.0 0.0 0.036725989583333334 0.04454850520833333 0.0 0.047410302083333335 
broke028.jpg 81.06327 58.079678 354.96783 254.81357 0.0 0.0 0.0 0.0 0.9611841 0.94496423 0.9475913 0.9438582 0.0 0.0 0.0 0.0 0.0 0.0 0.0 0.0 0.0 0.0 0.0 0.0 0.0 0.0 0.0 0.0 0.3236415165165165 0.32930105105105106 0.3266686843093093 0.329010815503003 
broke029.jpg 109.76263 280.54813 489.31998 508.55972 0.0 0.0 0.0 0.0 0.0 0.26411584 0.0 0.8892646 0.0 0.0 0.0 0.0 0.0 0.0 0.0 0.0 0.4713095 0.29618108 0.0 0.0 0.0 0.0 1.0 0.0 0.2585556128185907 0.2923220108695652 0.0 0.2595006793478261 
broke03.jpg 147.85457 198.09142 612.0748 594.2646 0.0 0.0 0.0 0.0 0.95843625 0.95321494 0.926797 0.95161724 0.0 0.0 0.0 0.0 0.0 0.0 0.0 0.0 0.0 0.0 0.0 0.0 0.0 0.0 0.0 0.0 0.31665221999827825 0.3113330481663223 0.32167271974001377 0.3266546950327135 
broke030.jpg 103.96934 22.689867 387.92853 347.7512 0.0 0.0 0.0 0.0 0.9131275 0.91585046 0.8873613 0.8683549 0.0 0.0 0.0 0.0 0.0 0.0 0.0 0.0 0.0 0.0 0.0 0.0 0.0 0.0 0.0 0.0 0.4934512916666667 0.49228879166666667 0.5007744583333333 0.5064545833333334 
broke05.jpg 89.50217 149.38045 314.81015 255.479 0.0 0.0 0.0 0.0 0.70813936 0.91844445 0.56603354 0.878919 0.0 0.0 0.0 0.0 0.0 0.0 0.0 0.0 0.8307374 0.0 0.51811904 0.0 0.0 0.0 0.0 0.0 0.3177841209468985 0.22466965754229323 0.26607027211583645 0.21596070253759397 
broke06.jpg 106.41973 1.5727328 481.20206 394.3672 0.0 0.0 0.0 0.0 0.94178575 0.9458816 0.9365028 0.9682675 0.0 0.0 0.0 0.0 0.0 0.0 0.0 0.0 0.0 0.0 0.0 0.0 0.0 0.0 0.0 0.0 0.620254746835443 0.615384361814346 0.6239926819620253 0.6211494593881857 
broke07.jpg 91.387794 132.75793 534.3568 530.29126 0.0 0.0 0.0 0.0 0.917583 0.9411116 0.886479 0.95260066 0.0 0.0 0.0 0.0 0.0 0.0 0.0 0.0 0.0 0.0 0.0 0.0 0.0 0.0 0.0 0.0 0.40396274535123966 0.4018942622245179 0.4041649449035813 0.40425838642102846 
broke07.jpg 406.3673 0.11058605 657.1392 45.44952 0.0 0.0 0.0 0.7007666 0.0 0.0 0.0 0.0 0.0 0.0 0.0 0.0 0.0 0.0 0.0 0.0 0.0 0.0 0.0 0.0 1.0 1.0 1.0 0.0 0.0 0.0 0.0 0.02610131185792585 
broke08.jpg 91.387794 132.75793 534.3568 530.29126 0.0 0.0 0.0 0.0 0.917583 0.9411116 0.886479 0.95260066 0.0 0.0 0.0 0.0 0.0 0.0 0.0 0.0 0.0 0.0 0.0 0.0 0.0 0.0 0.0 0.0 0.40396274535123966 0.4018942622245179 0.4041649449035813 0.40425838642102846 
broke08.jpg 406.3673 0.11058605 657.1392 45.44952 0.0 0.0 0.0 0.7007666 0.0 0.0 0.0 0.0 0.0 0.0 0.0 0.0 0.0 0.0 0.0 0.0 0.0 0.0 0.0 0.0 1.0 1.0 1.0 0.0 0.0 0.0 0.0 0.02610131185792585 
circle003.jpg 0.056355793 265.16312 357.90195 487.06638 0.0 0.0 0.0 0.0 0.0 0.0 0.0 0.0 0.0 0.0 0.0 0.0 0.0 0.0 0.0 0.0 0.90945524 0.92909366 0.870468 0.88025874 0.0 0.0 0.0 0.0 0.3628663300304878 0.3724535720567542 0.36476555171200753 0.4054238977485929 
circle005.jpg 623.772 609.8312 1202.0713 918.8878 0.0 0.0 0.0 0.0 0.0 0.0 0.0 0.0 0.0 0.0 0.0 0.0 0.0 0.0 0.0 0.0 0.8664667 0.6877488 0.8556118 0.72224694 0.0 0.0 0.0 0.0 0.08184681363569754 0.12813175465269636 0.0849456107350894 0.11726966491198344 
circle006.jpg 0.4990196 74.88681 326.79483 297.35666 0.90676814 0.0 0.0 0.5491703 0.0 0.0 0.0 0.0 0.0 0.0 0.0 0.0 0.49655607 0.0 0.8455354 0.0 0.0 0.92521614 0.0 0.57300174 0.0 0.0 0.0 0.0 0.33809407074780057 0.3547946068548387 0.3354475959188661 0.34538993768328446 
circle009.jpg 344.4619 353.19336 853.6114 708.97644 0.0 0.60813075 0.0 0.0 0.0 0.0 0.0 0.0 0.0 0.0 0.0 0.0 0.0 0.0 0.0 0.0 0.85802364 0.0 0.7768878 0.81468105 0.0 0.0 0.0 0.0 0.24152902083333333 0.12295440625 0.2197185 0.305466125 
circle009.jpg 0.06328821 129.3811 121.6739 394.62415 0.0 0.0 0.0 0.0 0.0 0.0 0.0 0.0 0.0 0.0 0.0 0.0 0.0 0.0 0.0 0.0 0.7144133 0.5695483 0.34322026 0.76440907 0.0 0.0 0.0 0.0 0.03577892447916667 0.036524453125 0.0340890703125 0.0430084921875 
circle010.jpg 23.29976 31.568388 472.06696 207.64136 0.0 0.0 0.0 0.0 0.0 0.0 0.0 0.0 0.0 0.0 0.0 0.0 0.0 0.0 0.0 0.0 0.8980323 0.86223143 0.8603732 0.81713694 0.0 0.0 0.0 0.0 0.5275314160724777 0.5755818587098755 0.5748589427108369 0.6237408952224537 
circle011.jpg 286.7174 449.59723 715.47327 677.718 0.0 0.0 0.0 0.0 0.0 0.0 0.0 0.0 0.0 0.0 0.0 0.0 0.0 0.0 0.0 0.0 0.90243286 0.8363167 0.8002118 0.730408 0.0 0.0 0.0 0.0 0.0905630787037037 0.08959939236111111 0.10144733796296296 0.0808498046875 
circle013.jpg 292.87762 288.3117 465.28442 332.69672 0.0 0.44361347 0.0 0.61734086 0.0 0.0 0.0 0.0 0.0 0.0 0.0 0.0 0.7688405 0.0 0.76069164 0.0 0.0 0.0 0.0 0.0 0.0 0.0 0.0 0.0 0.015942244466145835 0.008727150472005209 0.016627552286783854 0.015052382405598959 
circle013.jpg 486.51617 288.00647 642.78265 328.8162 0.0 0.0 0.0 0.0 0.0 0.0 0.0 0.0 0.0 0.0 0.0 0.0 0.74119085 0.28278506 0.33270282 0.45224348 0.0 0.0 0.0 0.0 0.0 0.0 0.0 0.0 0.013285816446940104 0.010751089477539062 0.014447768147786458 0.013213042195638021 
circle018.jpg 78.87525 294.1729 301.67123 437.5447 0.94158775 0.93462133 0.9111007 0.8880563 0.0 0.0 0.0 0.0 0.0 0.0 0.0 0.0 0.0 0.0 0.0 0.0 0.0 0.0 0.0 0.0 0.0 0.0 0.0 0.0 0.11830615596064815 0.11804219473379629 0.11969624565972223 0.11592037037037037 
circle018.jpg 0.0 576.6554 88.09623 599.8083 0.0 0.0 0.0 0.0 0.0 0.0 0.0 0.0 0.3518399 0.32493967 0.0 0.0 0.0 0.0 0.0 0.0 0.0 0.0 0.0 0.0 0.0 0.0 1.0 1.0 0.007554380063657408 0.008882427300347223 0.0 0.0 
circle019.jpg 236.22353 481.9554 320.52795 527.24835 0.0 0.0 0.0 0.5492343 0.0 0.0 0.0 0.0 0.0 0.0 0.0 0.0 0.81023854 0.87041754 0.82973266 0.3472102 0.0 0.0 0.0 0.0 0.0 0.0 0.0 0.0 0.011330376235789273 0.008308083689451426 0.011241303154237381 0.009934607921630222 
circle020.jpg 0.0 204.5078 543.6147 387.0 0.0 0.0 0.0 0.0 0.0 0.0 0.0 0.0 0.0 0.0 0.0 0.0 0.0 0.0 0.0 0.0 0.9117279 0.92553705 0.9154186 0.95490974 0.0 0.0 0.0 0.0 0.4510881671567317 0.45599247221108435 0.4466270089882384 0.44197379265793457 
circle022.jpg 78.61827 253.56317 462.721 447.3864 0.0 0.0 0.0 0.0 0.0 0.0 0.0 0.0 0.0 0.0 0.0 0.0 0.0 0.0 0.0 0.0 0.907989 0.9470816 0.9266455 0.93554854 0.0 0.0 0.0 0.0 0.27660300925925924 0.2757334490740741 0.29515755208333333 0.28131785300925927 
good010.jpg 162.65366 341.45087 789.89453 809.8917 0.9402907 0.9596056 0.9113539 0.9386981 0.0 0.0 0.0 0.0 0.0 0.0 0.0 0.0 0.0 0.0 0.0 0.0 0.0 0.0 0.0 0.0 0.0 0.0 0.0 0.0 0.317920033519046 0.31749652058903616 0.32236462308902536 0.31714979512536684 
good011.jpg 208.58862 346.42102 347.32135 413.39087 0.938608 0.92793185 0.90715164 0.9131927 0.0 0.0 0.0 0.0 0.0 0.0 0.0 0.0 0.0 0.0 0.0 0.0 0.0 0.0 0.0 0.0 0.0 0.0 0.0 0.0 0.035972240035039495 0.034400525683124905 0.03373341719137177 0.03318984982988423 
good012.jpg 117.04979 207.22797 431.07214 452.1798 0.9583397 0.9557488 0.90661466 0.87876654 0.0 0.0 0.0 0.0 0.0 0.0 0.0 0.0 0.0 0.0 0.0 0.0 0.0 0.0 0.0 0.0 0.0 0.0 0.0 0.0 0.2503917694091797 0.2330041758219401 0.25476702372233073 0.20686724344889323 
good012.jpg 456.69656 78.87869 639.68555 168.17453 0.0 0.31269866 0.0 0.7160158 0.0 0.0 0.0 0.0 0.0 0.0 0.0 0.0 0.0 0.0 0.0 0.0 0.0 0.33659208 0.0 0.29882127 1.0 0.0 1.0 0.0 0.0 0.10193145116170248 0.0 0.053190606435139974 
good012.jpg 555.53143 435.80994 626.46063 470.4206 0.0 0.0 0.0 0.31743494 0.0 0.0 0.0 0.0 0.0 0.0 0.0 0.0 0.0 0.0 0.0 0.0 0.0 0.0 0.0 0.0 1.0 1.0 1.0 0.0 0.0 0.0 0.0 0.007991231282552084 
good014.jpg 263.16766 326.7069 582.3101 545.6338 0.93169975 0.9403008 0.937536 0.889834 0.0 0.0 0.0 0.0 0.0 0.0 0.0 0.0 0.0 0.0 0.0 0.0 0.0 0.0 0.0 0.0 0.0 0.0 0.0 0.0 0.11333314012096775 0.11269170866935484 0.11117864163306451 0.11411417590725806 
good015.jpg 180.22408 294.32956 460.5821 517.2153 0.9416907 0.94141275 0.9454598 0.93659496 0.0 0.0 0.0 0.0 0.0 0.0 0.0 0.0 0.0 0.0 0.0 0.0 0.0 0.0 0.0 0.0 0.0 0.0 0.0 0.0 0.1323562073485353 0.12141930876019474 0.13000957219800682 0.13141844402775466 
good016.jpg 200.2678 124.54473 382.14075 220.71248 0.9294556 0.9169573 0.63576794 0.77407193 0.0 0.0 0.29002988 0.0 0.0 0.0 0.0 0.0 0.0 0.0 0.0 0.0 0.0 0.0 0.0 0.0 0.0 0.0 0.0 0.0 0.08833490175189394 0.08822950205176767 0.09152542021780304 0.08476666074810606 
good017.jpg 225.38737 266.37833 493.53827 345.34076 0.9139538 0.89329404 0.8075287 0.76184297 0.0 0.0 0.0 0.0 0.0 0.0 0.0 0.0 0.0 0.0 0.0 0.0 0.0 0.0 0.0 0.0 0.0 0.0 0.0 0.0 0.07255043927745417 0.07153810015847181 0.08110093075424019 0.0708585786255782 
good019.jpg 45.070717 173.8196 364.7762 390.44757 0.81240326 0.9563378 0.5123931 0.8364117 0.0 0.0 0.0 0.0 0.0 0.0 0.0 0.0 0.0 0.0 0.0 0.0 0.0 0.0 0.0 0.0 0.0 0.0 0.0 0.0 0.2826775885247565 0.2810761211444805 0.31491229961444805 0.2982769061992695 
good02.jpg 213.62387 175.22958 405.14725 315.72592 0.858681 0.9405094 0.0 0.9409272 0.0 0.0 0.61570024 0.0 0.0 0.0 0.0 0.0 0.0 0.0 0.0 0.0 0.0 0.0 0.0 0.0 0.0 0.0 0.0 0.0 0.09386541366577149 0.08917899449666342 0.08849429448445638 0.08759223302205403 
good020.jpg 92.948784 189.06767 321.2184 371.74762 0.9338715 0.9447052 0.9225066 0.9075645 0.0 0.0 0.0 0.0 0.0 0.0 0.0 0.0 0.0 0.0 0.0 0.0 0.0 0.0 0.0 0.0 0.0 0.0 0.0 0.0 0.16529406828703705 0.1544454861111111 0.15633969907407408 0.15310911458333334 
good021.jpg 39.519806 10.555992 329.10587 300.0 0.0 0.0 0.0 0.0 0.84752625 0.8698414 0.8305392 0.8359335 0.0 0.0 0.0 0.0 0.0 0.0 0.0 0.0 0.0 0.0 0.0 0.0 0.0 0.0 0.0 0.0 0.7159694010416666 0.6984912109375 0.7137893880208334 0.6920072916666666 
good022.jpg 252.7741 248.22559 612.01935 463.51294 0.9583697 0.96003795 0.9236293 0.9426955 0.0 0.0 0.0 0.0 0.0 0.0 0.0 0.0 0.0 0.0 0.0 0.0 0.0 0.0 0.0 0.0 0.0 0.0 0.0 0.0 0.25466346740722656 0.2517609151204427 0.2545461781819661 0.25639785766601564 
good022.jpg 56.450684 227.47705 231.65024 296.66168 0.8776554 0.0 0.26062933 0.0 0.0 0.0 0.0 0.0 0.0 0.0 0.0 0.0 0.0 0.0 0.29900205 0.0 0.0 0.0 0.0 0.0 0.0 1.0 0.0 1.0 0.03945675849914551 0.0 0.047528196970621744 0.0 
good023.jpg 232.64026 245.76929 592.7812 383.2041 0.9551034 0.92278385 0.9488977 0.9318722 0.0 0.0 0.0 0.0 0.0 0.0 0.0 0.0 0.0 0.0 0.0 0.0 0.0 0.0 0.0 0.0 0.0 0.0 0.0 0.0 0.11607857022455441 0.11146947005452626 0.11346062236163228 0.11424517948229362 
good024.jpg 0.0 853.16626 1080.0 1439.2102 0.0 0.0 0.32349017 0.0 0.0 0.0 0.0 0.0 0.0 0.0 0.0 0.0 0.0 0.0 0.0 0.0 0.0 0.0 0.0 0.0 1.0 1.0 0.0 1.0 0.0 0.0 0.4069749469521605 0.0 
good025.jpg 228.2085 739.59564 788.46924 1154.2773 0.95464134 0.8685206 0.8845228 0.85518986 0.0 0.0 0.0 0.0 0.0 0.0 0.0 0.0 0.0 0.0 0.0 0.0 0.0 0.0 0.0 0.0 0.0 0.0 0.0 0.0 0.14938906571502059 0.15034584579153806 0.137636417341821 0.14266516163515947 
good026.jpg 3.8789978 469.31982 1071.5664 1491.2303 0.34080198 0.96110994 0.7758533 0.0 0.6625359 0.0 0.0 0.0 0.0 0.0 0.0 0.68240285 0.0 0.0 0.0 0.0 0.0 0.0 0.0 0.0 0.0 0.0 0.0 0.0 0.5348484519675926 0.5261771797839506 0.5311122564621914 0.5263234230324074 
good027.jpg 246.4574 206.19537 637.38214 407.37494 0.91198754 0.93904036 0.8869165 0.9099979 0.0 0.0 0.0 0.0 0.0 0.0 0.0 0.0 0.0 0.0 0.0 0.0 0.0 0.0 0.0 0.0 0.0 0.0 0.0 0.0 0.10759326445557205 0.10804218913136059 0.10794967381374326 0.10963349552492033 
good027.jpg 0.0 0.0 224.42339 27.136793 0.0 0.0 0.0 0.27156523 0.0 0.0 0.0 0.0 0.0 0.0 0.0 0.0 0.0 0.0 0.0 0.0 0.0 0.0 0.0 0.0 1.0 1.0 1.0 0.0 0.0 0.0 0.0 0.008366483761093252 
good028.jpg 336.83798 193.81958 710.8003 440.85336 0.9564398 0.9316541 0.94077873 0.85983783 0.0 0.0 0.0 0.0 0.0 0.0 0.0 0.0 0.0 0.0 0.0 0.0 0.0 0.0 0.0 0.0 0.0 0.0 0.0 0.0 0.13208805380244557 0.1327793015218933 0.13164484518338784 0.13158291639381062 
good029.jpg 52.400826 88.042046 243.55719 150.89453 0.79194397 0.54842824 0.7456945 0.8512381 0.0 0.0 0.0 0.0 0.0 0.0 0.0 0.0 0.0 0.0 0.0 0.0 0.0 0.0 0.0 0.0 0.0 0.0 0.0 0.0 0.052476697913050485 0.04928608037788055 0.05071837043018085 0.04965389357399532 
good029.jpg 129.14642 224.91656 504.4562 417.4563 0.0 0.82296723 0.8122978 0.0 0.59857255 0.0 0.0 0.8048741 0.0 0.0 0.0 0.0 0.0 0.0 0.0 0.0 0.36540926 0.0 0.0 0.0 0.0 0.0 0.0 0.0 0.31182877875380216 0.2986429894655492 0.3154113160107948 0.29666861940421874 
good03.jpg 324.75253 394.1368 599.6625 548.35394 0.94197875 0.93124115 0.9267445 0.93599 0.0 0.0 0.0 0.0 0.0 0.0 0.0 0.0 0.0 0.0 0.0 0.0 0.0 0.0 0.0 0.0 0.0 0.0 0.0 0.0 0.05630255540338645 0.05700583084329349 0.055352885333665336 0.05592427685092961 
good030.jpg 106.8794 142.60942 365.67703 368.6122 0.9589044 0.96030337 0.95853263 0.8720006 0.0 0.0 0.0 0.0 0.0 0.0 0.0 0.0 0.0 0.0 0.0 0.0 0.0 0.0 0.0 0.0 0.0 0.0 0.0 0.0 0.2248466869212963 0.21662588252314816 0.21770788483796297 0.21806918402777778 
good031.jpg 185.98828 106.02096 461.31442 314.77954 0.0 0.5147181 0.0 0.74386734 0.94451797 0.6625539 0.7954278 0.4492145 0.0 0.0 0.0 0.0 0.0 0.0 0.0 0.0 0.0 0.0 0.0 0.0 0.0 0.0 0.0 0.0 0.25931284189600723 0.26576632289081886 0.2634378700936161 0.2623003961764042 
good033.jpg 348.9062 392.58682 744.64087 702.78674 0.9303254 0.9117825 0.34738347 0.66498786 0.0 0.0 0.0 0.0 0.0 0.0 0.0 0.0 0.0 0.0 0.62184423 0.0 0.0 0.0 0.0 0.0 0.0 0.0 0.0 0.0 0.16367582291666666 0.15788326041666667 0.16483484375 0.16108788541666666 
good034.jpg 104.54016 14.623833 795.46844 551.4977 0.0 0.0 0.0 0.0 0.0 0.0 0.77453685 0.7826233 0.0 0.0 0.0 0.0 0.0 0.0 0.0 0.0 0.78787357 0.88696104 0.67122227 0.0 0.0 0.0 0.0 0.0 0.676299268018018 0.6683627252252252 0.7028977477477477 0.605077195945946 
good035.jpg 176.63641 75.75659 477.60706 370.61542 0.9451516 0.9685254 0.8690165 0.90754527 0.0 0.0 0.0 0.0 0.0 0.0 0.0 0.0 0.0 0.0 0.0 0.0 0.0 0.0 0.0 0.0 0.0 0.0 0.0 0.0 0.28869222005208334 0.28887972513834637 0.2772938028971354 0.2761874643961589 
good036.jpg 279.35657 332.40393 580.6222 447.07803 0.0 0.8147489 0.48676872 0.88248783 0.0 0.0 0.0 0.0 0.0 0.0 0.0 0.0 0.0 0.0 0.0 0.0 0.78619516 0.0 0.0 0.0 0.0 0.0 0.0 0.0 0.08761969971626733 0.07512104646454032 0.08211334027804315 0.07334243483065205 
good037.jpg 265.1582 155.8179 432.41577 275.7116 0.0 0.0 0.0 0.38305494 0.0 0.0 0.55316776 0.0 0.0 0.0 0.0 0.0 0.0 0.0 0.0 0.0 0.9054905 0.9457381 0.0 0.5056021 0.0 0.0 0.0 0.0 0.07170345306396485 0.06527711868286133 0.06883816401163736 0.06672285715738932 
good037.jpg 446.26352 196.22449 639.6715 453.53406 0.0 0.0 0.0 0.0 0.5935712 0.0 0.47253895 0.0 0.0 0.0 0.0 0.0 0.0 0.5917251 0.0 0.4341029 0.0 0.0 0.0 0.0 0.0 0.0 0.0 0.0 0.16199780782063802 0.1601296106974284 0.14672203063964845 0.1442822519938151 
good038.jpg 116.82719 76.762634 533.91986 338.46054 0.87565917 0.9674874 0.9214167 0.8465211 0.0 0.0 0.0 0.0 0.0 0.0 0.0 0.0 0.0 0.0 0.0 0.0 0.0 0.0 0.0 0.0 0.0 0.0 0.0 0.0 0.4411669619582926 0.44457592558651027 0.4595116041972141 0.45901530425219944 
good039.jpg 122.10823 744.65466 916.25385 1283.7688 0.96742666 0.9558502 0.9258407 0.87283266 0.0 0.0 0.0 0.0 0.0 0.0 0.0 0.0 0.0 0.0 0.0 0.0 0.0 0.0 0.0 0.0 0.0 0.0 0.0 0.0 0.27548395555040794 0.25867265317350013 0.2780797573546444 0.27548240724654466 
good039.jpg 443.93 280.2453 684.4487 344.77557 0.8597028 0.45469844 0.67811155 0.7051156 0.0 0.0 0.0 0.0 0.0 0.0 0.0 0.0 0.0 0.0 0.0 0.0 0.0 0.0 0.0 0.0 0.0 0.0 0.0 0.0 0.009986835144245618 0.010014195634024399 0.00940389434113035 0.009708085152288755 
good04.jpg 103.07541 511.91348 636.1837 880.5571 0.0 0.55715454 0.0 0.0 0.96093667 0.9173543 0.95179033 0.9457547 0.0 0.0 0.0 0.0 0.0 0.0 0.0 0.0 0.0 0.0 0.0 0.0 0.0 0.0 0.0 0.0 0.26203597916666665 0.25146664583333334 0.2580872708333333 0.25756779166666666 
good040.jpg 88.43193 173.94629 717.74243 766.81396 0.94877666 0.9715579 0.88621163 0.9614167 0.0 0.0 0.0 0.0 0.0 0.0 0.0 0.0 0.0 0.0 0.0 0.0 0.0 0.0 0.0 0.0 0.0 0.0 0.0 0.0 0.506735 0.49746379166666665 0.4949737083333333 0.5108242916666667 
good041.jpg 185.6427 127.149704 518.3256 433.15396 0.949853 0.9718407 0.94172335 0.9516879 0.0 0.0 0.0 0.0 0.0 0.0 0.0 0.0 0.0 0.0 0.0 0.0 0.0 0.0 0.0 0.0 0.0 0.0 0.0 0.0 0.2430840549141504 0.24109508214920072 0.2409270648312611 0.24106074230313795 
good042.jpg 72.89224 112.059906 230.31258 202.05385 0.91928875 0.88429976 0.8904508 0.0 0.0 0.0 0.0 0.0 0.0 0.0 0.0 0.0 0.0 0.0 0.0 0.0 0.0 0.0 0.0 0.74532723 0.0 0.0 0.0 0.0 0.10139476078272616 0.08993907178195677 0.0930722354306828 0.25684231185585454 
good043.jpg 106.25558 113.23969 291.42807 219.14804 0.9365315 0.9359009 0.92933446 0.9395156 0.0 0.0 0.0 0.0 0.0 0.0 0.0 0.0 0.0 0.0 0.0 0.0 0.0 0.0 0.0 0.0 0.0 0.0 0.0 0.0 0.11502001041666667 0.11015716666666667 0.1073000625 0.10459366666666667 
good044.jpg 95.10709 163.8319 398.97314 384.18518 0.9656537 0.9741866 0.9177334 0.9367354 0.0 0.0 0.0 0.0 0.0 0.0 0.0 0.0 0.0 0.0 0.0 0.0 0.0 0.0 0.0 0.0 0.0 0.0 0.0 0.0 0.19886607477511245 0.20077326180659671 0.195072069434033 0.1977921429910045 
good045.jpg 199.86617 485.5289 835.236 830.2954 0.9592782 0.93598515 0.9439675 0.9085149 0.0 0.0 0.0 0.0 0.0 0.0 0.0 0.0 0.0 0.0 0.0 0.0 0.0 0.0 0.0 0.0 0.0 0.0 0.0 0.0 0.14085278420781894 0.14265482333461935 0.1435594497492284 0.1411597784850823 
good046.jpg 203.16307 217.36208 456.82266 379.40067 0.95761263 0.93056613 0.93181014 0.9140002 0.0 0.0 0.0 0.0 0.0 0.0 0.0 0.0 0.0 0.0 0.0 0.0 0.0 0.0 0.0 0.0 0.0 0.0 0.0 0.0 0.12324629872563718 0.12242545914542728 0.12303913277736132 0.11845870033733133 
good046.jpg 0.02921293 133.12343 78.67758 366.2599 0.0 0.0 0.0 0.0 0.0 0.0 0.0 0.32790154 0.0 0.0 0.0 0.0 0.0 0.0 0.0 0.0 0.0 0.0 0.0 0.0 1.0 1.0 1.0 0.0 0.0 0.0 0.0 0.054979918244003 
good047.jpg 83.54634 65.00991 707.3588 499.20035 0.9668735 0.965953 0.89043856 0.9577495 0.0 0.0 0.0 0.0 0.0 0.0 0.0 0.0 0.0 0.0 0.0 0.0 0.0 0.0 0.0 0.0 0.0 0.0 0.0 0.0 0.6550263754534462 0.655191354292624 0.6900677902055623 0.6495881197097945 
good048.jpg 104.91758 214.54477 376.11472 453.34186 0.9512193 0.9672121 0.9280786 0.94701976 0.0 0.0 0.0 0.0 0.0 0.0 0.0 0.0 0.0 0.0 0.0 0.0 0.0 0.0 0.0 0.0 0.0 0.0 0.0 0.0 0.1978724465892054 0.1941861764430285 0.1944506184407796 0.1904885330772114 
good049.jpg 74.165306 44.19236 379.0832 338.13358 0.9555109 0.96765286 0.90832585 0.9550117 0.0 0.0 0.0 0.0 0.0 0.0 0.0 0.0 0.0 0.0 0.0 0.0 0.0 0.0 0.0 0.0 0.0 0.0 0.0 0.0 0.4828180833333333 0.47801566666666667 0.45985675 0.47068904166666664 
good05.jpg 151.71709 105.01773 929.9978 633.54865 0.0 0.34683105 0.0 0.31732976 0.0 0.75586855 0.0 0.5744294 0.0 0.0 0.0 0.0 0.0 0.0 0.0 0.0 0.71721274 0.0 0.83216935 0.0 0.0 0.0 0.0 0.0 0.47768558478330364 0.3753156825135863 0.46963667968214823 0.38038487007352606 
good050.jpg 129.36377 90.27115 407.056 213.71927 0.94239175 0.97073245 0.89354616 0.8890424 0.0 0.0 0.0 0.0 0.0 0.0 0.0 0.0 0.0 0.0 0.0 0.0 0.0 0.0 0.0 0.0 0.0 0.0 0.0 0.0 0.21871716417910447 0.2046601912313433 0.2108107276119403 0.2063337686567164 
good051.jpg 183.22868 135.33945 466.54684 383.6075 0.9528375 0.9718535 0.92630786 0.93050593 0.0 0.0 0.0 0.0 0.0 0.0 0.0 0.0 0.0 0.0 0.0 0.0 0.0 0.0 0.0 0.0 0.0 0.0 0.0 0.0 0.21022554347826086 0.21091112256371813 0.21097378654422788 0.20842065685907046 
good051.jpg 301.2487 0.060039967 488.09378 20.135246 0.0 0.0 0.0 0.0 0.0 0.0 0.0 0.0 0.0 0.0 0.0 0.0 0.0 0.0 0.0 0.34065655 0.0 0.0 0.0 0.0 1.0 1.0 1.0 0.0 0.0 0.0 0.0 0.011247237953288981 
good052.jpg 79.11062 166.04184 335.4739 459.87775 0.96246487 0.9673757 0.9346131 0.92818606 0.0 0.0 0.0 0.0 0.0 0.0 0.0 0.0 0.0 0.0 0.0 0.0 0.0 0.0 0.0 0.0 0.0 0.0 0.0 0.0 0.22634822432533733 0.22587326649175413 0.2255861131934033 0.2296016913418291 
good053.jpg 87.65739 258.9179 282.23758 369.7243 0.94311947 0.9507389 0.92578936 0.9267252 0.0 0.0 0.0 0.0 0.0 0.0 0.0 0.0 0.0 0.0 0.0 0.0 0.0 0.0 0.0 0.0 0.0 0.0 0.0 0.0 0.07717895246315444 0.07697841560063266 0.07245928623325526 0.07793541812082275 
good054.jpg 47.28717 283.5514 433.0013 439.96472 0.9529145 0.961251 0.79809934 0.94598144 0.0 0.0 0.0 0.0 0.0 0.0 0.0 0.0 0.0 0.0 0.0 0.0 0.0 0.0 0.0 0.0 0.0 0.0 0.0 0.0 0.19477890014648438 0.19638942718505858 0.19326700846354167 0.19395208994547525 
good056.jpg 162.47467 271.17896 610.9165 606.4744 0.9585909 0.9759686 0.93927556 0.951554 0.0 0.0 0.0 0.0 0.0 0.0 0.0 0.0 0.0 0.0 0.0 0.0 0.0 0.0 0.0 0.0 0.0 0.0 0.0 0.0 0.1873355711831625 0.1847630205197333 0.18649518709710716 0.18833998088601403 
good057.jpg 123.19679 227.54723 405.24463 441.7721 0.9596709 0.96529835 0.9366098 0.946763 0.0 0.0 0.0 0.0 0.0 0.0 0.0 0.0 0.0 0.0 0.0 0.0 0.0 0.0 0.0 0.0 0.0 0.0 0.0 0.0 0.18659742784857572 0.1811744049850075 0.17757578242128935 0.17329743721889054 
good058.jpg 121.83586 136.24252 416.67722 248.33234 0.96059585 0.9591397 0.9571366 0.917724 0.0 0.0 0.0 0.0 0.0 0.0 0.0 0.0 0.0 0.0 0.0 0.0 0.0 0.0 0.0 0.0 0.0 0.0 0.0 0.0 0.18086982253681844 0.18499475036394283 0.17969613680146235 0.1862759899313708 
good06.jpg 276.34854 290.58426 707.0541 491.60483 0.9263304 0.9346747 0.90946937 0.9478437 0.0 0.0 0.0 0.0 0.0 0.0 0.0 0.0 0.0 0.0 0.0 0.0 0.0 0.0 0.0 0.0 0.0 0.0 0.0 0.0 0.12202968452840329 0.12076232006766627 0.11855030008820043 0.11931957756814862 
good060.jpg 19.148712 157.0292 690.60583 807.5147 0.9374272 0.9723919 0.8900114 0.9197376 0.0 0.0 0.0 0.0 0.0 0.0 0.0 0.0 0.0 0.0 0.0 0.0 0.0 0.0 0.0 0.0 0.0 0.0 0.0 0.0 0.6443630642361111 0.6319055627893518 0.6857947681568287 0.7120877640335648 
good061.jpg 154.89685 103.97108 506.37778 397.9014 0.9721977 0.9677214 0.92679113 0.94723845 0.0 0.0 0.0 0.0 0.0 0.0 0.0 0.0 0.0 0.0 0.0 0.0 0.0 0.0 0.0 0.0 0.0 0.0 0.0 0.0 0.32291318287521803 0.3263308555436434 0.3315695092581595 0.33093192658485815 
good07.jpg 95.88539 91.23137 515.887 341.43884 0.0 0.37029842 0.0 0.0 0.0 0.0 0.0 0.0 0.0 0.0 0.0 0.0 0.0 0.38311702 0.0 0.0 0.8999263 0.67165786 0.82916915 0.8723827 0.0 0.0 0.0 0.0 0.45690241168478263 0.23579952445652175 0.4178641644021739 0.352609816576087 
good08.jpg 93.019585 343.5022 231.38033 409.81766 0.9337972 0.8414134 0.90633166 0.8925436 0.0 0.0 0.0 0.0 0.0 0.0 0.0 0.0 0.0 0.0 0.0 0.0 0.0 0.0 0.0 0.0 0.0 0.0 0.0 0.0 0.027553925018768768 0.028867322400525527 0.02668339726445195 0.028567280170795795 
good09.jpg 109.20117 225.91815 208.52458 270.7724 0.63765925 0.0 0.0 0.44484842 0.0 0.0 0.0 0.0 0.0 0.0 0.0 0.0 0.0 0.0 0.0 0.0 0.0 0.0 0.0 0.0 0.0 1.0 1.0 0.0 0.023760408854166668 0.0 0.0 0.03333184114583333 
good09.jpg 69.47839 201.93353 310.91882 333.75287 0.0 0.0 0.0 0.0 0.0 0.0 0.0 0.0 0.0 0.0 0.0 0.0 0.0 0.0 0.0 0.0 0.0 0.0 0.0 0.3255305 1.0 1.0 1.0 0.0 0.0 0.0 0.0 0.16974142708333334 
lose010.jpg 458.38608 523.9707 670.33716 653.20703 0.0 0.0 0.0 0.0 0.0 0.0 0.0 0.0 0.90706736 0.8828911 0.81110364 0.88747895 0.0 0.0 0.0 0.0 0.0 0.0 0.0 0.0 0.0 0.0 0.0 0.0 0.031312047664466165 0.02703221227351966 0.03306209499671353 0.02753588766718107 
lose010.jpg 1011.9461 581.22656 1079.5541 713.6996 0.0 0.0 0.0 0.0 0.0 0.0 0.0 0.0 0.0 0.0 0.0 0.0 0.31300455 0.0 0.0 0.0 0.0 0.0 0.0 0.0 0.0 1.0 1.0 1.0 0.010238034318558527 0.0 0.0 0.0 
lose011.jpg 460.52847 322.4779 595.1091 371.44595 0.0 0.34534132 0.0 0.0 0.0 0.8938986 0.0 0.90725297 0.68058246 0.0 0.89450604 0.0 0.49013114 0.0 0.0 0.0 0.0 0.0 0.0 0.0 0.0 0.0 0.0 0.0 0.010768088043528435 0.009596463314715658 0.009890519698578286 0.00973434110159712 
lose011.jpg 808.3223 247.49179 902.593 274.03625 0.0 0.0 0.0 0.0 0.0 0.0 0.0 0.0 0.0 0.0 0.40234715 0.0 0.0 0.2938058 0.0 0.72444004 0.0 0.0 0.0 0.0 1.0 0.0 0.0 0.0 0.0 0.003521802803614291 0.003938450237144572 0.003696255524718427 
lose012.jpg 66.79637 300.00235 168.0939 351.3506 0.0 0.0 0.0 0.0 0.0 0.0 0.0 0.0 0.93298364 0.91733336 0.9419766 0.9329964 0.0 0.0 0.0 0.0 0.0 0.0 0.0 0.0 0.0 0.0 0.0 0.0 0.027939697916666666 0.028229859375 0.027741065104166667 0.026683078125 
lose013.jpg 485.1419 226.44424 593.1934 261.65247 0.0 0.0 0.0 0.0 0.0 0.0 0.0 0.0 0.0 0.0 0.0 0.0 0.27967122 0.6277734 0.5630983 0.71636784 0.0 0.0 0.0 0.0 0.0 0.0 0.0 0.0 0.00635453599215535 0.005644541698816873 0.006860627250514404 0.0062622247138631685 
lose013.jpg 293.798 346.4221 482.41388 447.4612 0.0 0.0 0.0 0.0 0.0 0.0 0.0 0.0 0.0 0.5283973 0.0 0.56823194 0.0 0.0 0.4436754 0.0 0.0 0.0 0.0 0.0 1.0 0.0 0.0 0.0 0.0 0.03664500064300411 0.036248109567901234 0.031370505401234566 
lose014.jpg 106.361664 189.68121 302.37582 282.04095 0.0 0.0 0.0 0.0 0.0 0.55145776 0.0 0.50574017 0.9131347 0.7885889 0.91167706 0.0 0.0 0.0 0.0 0.0 0.0 0.0 0.0 0.0 0.0 0.0 0.0 0.0 0.07857559204101562 0.08597799513075087 0.07597100151909722 0.07459556579589843 
lose015.jpg 205.41978 177.61833 608.975 504.4358 0.0 0.0 0.0 0.0 0.0 0.0 0.0 0.0 0.897847 0.8640364 0.7743901 0.88652 0.0 0.0 0.0 0.0 0.0 0.0 0.0 0.0 0.0 0.0 0.0 0.0 0.31704056490384613 0.32127993539663463 0.31852471454326925 0.33140444711538464 
lose016.jpg 354.56656 444.68774 737.67365 643.0796 0.0 0.0 0.0 0.0 0.40807688 0.0 0.0 0.0 0.0 0.0 0.0 0.0 0.0 0.35873732 0.895329 0.8405862 0.0 0.0 0.0 0.0 0.0 0.0 0.0 0.0 0.05757511676725013 0.07026458907491842 0.05933928791007604 0.06171360819098106 
lose016.jpg 244.91747 130.96614 380.49414 174.84816 0.0 0.0 0.0 0.0 0.0 0.0 0.0 0.0 0.0 0.0 0.0 0.0 0.0 0.0 0.0 0.71881247 0.0 0.0 0.0 0.0 1.0 1.0 1.0 0.0 0.0 0.0 0.0 0.004644831143113807 
lose017.jpg 608.74585 357.71265 1185.6714 889.6775 0.0 0.0 0.0 0.0 0.0 0.0 0.0 0.0 0.9290295 0.87392193 0.898801 0.8868549 0.0 0.0 0.0 0.0 0.0 0.0 0.0 0.0 0.0 0.0 0.0 0.0 0.24975919087727866 0.24461189270019532 0.2519573974609375 0.2547160847981771 
lose017.jpg 0.0 0.0 196.26111 723.6289 0.0 0.0 0.0 0.0 0.0 0.7275209 0.0 0.0 0.0 0.0 0.0 0.0 0.0 0.0 0.0 0.0 0.0 0.0 0.0 0.0 1.0 0.0 1.0 1.0 0.0 0.11557634989420573 0.0 0.0 
lose018.jpg 69.46963 148.66075 305.54416 381.1657 0.0 0.0 0.0 0.0 0.0 0.0 0.0 0.0 0.9605777 0.98154485 0.9555564 0.9506191 0.0 0.0 0.0 0.0 0.0 0.0 0.0 0.0 0.0 0.0 0.0 0.0 0.2588853995661351 0.257450732147045 0.2613276119840525 0.26024807985459664 
lose019.jpg 402.90747 972.0119 845.0194 1255.6667 0.0 0.0 0.0 0.0 0.0 0.0 0.0 0.0 0.9244062 0.95313597 0.8661036 0.9300436 0.0 0.0 0.0 0.0 0.0 0.0 0.0 0.0 0.0 0.0 0.0 0.0 0.07263286113739013 0.07654247760772705 0.07351408004760743 0.07566540241241455 
lose020.jpg 238.35243 378.6685 422.81482 494.31247 0.0 0.0 0.0 0.0 0.0 0.0 0.0 0.0 0.93790793 0.9346499 0.94487566 0.93596333 0.0 0.0 0.0 0.0 0.0 0.0 0.0 0.0 0.0 0.0 0.0 0.0 0.055030090188205386 0.05450737551159618 0.05291322049795361 0.05337955785687709 
lose021.jpg 278.42706 295.5792 838.0172 664.42004 0.0 0.0 0.0 0.0 0.0 0.0 0.0 0.0 0.777071 0.9480609 0.87550837 0.9129966 0.0 0.0 0.0 0.0 0.0 0.0 0.0 0.0 0.0 0.0 0.0 0.0 0.22177898513372218 0.21602332628779497 0.2194720248605109 0.2042191658703586 
lose022.jpg 255.62454 334.13928 614.3346 441.59912 0.0 0.0 0.0 0.0 0.0 0.0 0.0 0.0 0.56184 0.0 0.31102994 0.79777896 0.36073115 0.0 0.43779534 0.0 0.0 0.0 0.0 0.0 0.0 1.0 0.0 0.0 0.05695522514574505 0.0 0.054186454519146283 0.05779859860020272 
lose023.jpg 205.41978 177.61833 608.975 504.4358 0.0 0.0 0.0 0.0 0.0 0.0 0.0 0.0 0.897847 0.8640364 0.7743901 0.88652 0.0 0.0 0.0 0.0 0.0 0.0 0.0 0.0 0.0 0.0 0.0 0.0 0.31704056490384613 0.32127993539663463 0.31852471454326925 0.33140444711538464 
lose027.jpg 192.01344 428.25955 417.3271 570.5489 0.0 0.0 0.0 0.0 0.0 0.0 0.0 0.0 0.8871765 0.68311083 0.8450681 0.8619215 0.0 0.0 0.0 0.0 0.0 0.0 0.0 0.0 0.0 0.0 0.0 0.0 0.09627546100788288 0.1304003612987988 0.09305459365615616 0.1087612964527027 
lose028.jpg 62.82261 213.48357 318.34958 328.0 0.0 0.0 0.0 0.0 0.0 0.0 0.0 0.0 0.95591724 0.97315454 0.9138936 0.9451336 0.0 0.0 0.0 0.0 0.0 0.0 0.0 0.0 0.0 0.0 0.0 0.0 0.20322102212019016 0.20368386695692728 0.20622447657816154 0.20662770694554655 
lose029.jpg 147.37769 244.52684 319.58746 334.33496 0.0 0.0 0.0 0.0 0.0 0.0 0.0 0.0 0.95034456 0.9437363 0.93398845 0.8918327 0.0 0.0 0.0 0.0 0.0 0.0 0.0 0.0 0.0 0.0 0.0 0.0 0.08248446354166666 0.07622898958333334 0.06798755729166667 0.06151444270833333 
lose029.jpg 342.08478 327.58304 483.63544 374.88187 0.0 0.0 0.0 0.0 0.41395158 0.0 0.0 0.0 0.0 0.0 0.0 0.0 0.0 0.0 0.0 0.0 0.0 0.0 0.0 0.0 0.0 1.0 1.0 1.0 0.03570762760416667 0.0 0.0 0.0 
lose030.jpg 323.1125 187.72197 769.1116 610.5735 0.0 0.0 0.0 0.0 0.0 0.0 0.0 0.0 0.9620183 0.96205854 0.95325917 0.9190347 0.0 0.0 0.0 0.0 0.0 0.0 0.0 0.0 0.0 0.0 0.0 0.0 0.2409811840920782 0.24253006044238684 0.24292136863425925 0.24655377925668726 
lose031.jpg 142.04442 186.08458 293.38043 278.91162 0.0 0.0 0.0 0.0 0.0 0.0 0.0 0.0 0.8931898 0.9113693 0.7435914 0.9020375 0.0 0.0 0.0 0.0 0.0 0.0 0.0 0.0 0.0 0.0 0.0 0.0 0.05680346855780429 0.09568033767699884 0.05069911985860526 0.09579025026094345 
lose031.jpg 170.88383 187.85883 261.98325 216.95192 0.0 0.0 0.0 0.0 0.0 0.0 0.0 0.0 0.633397 0.0 0.46226218 0.0 0.0 0.0 0.0 0.0 0.0 0.0 0.0 0.0 0.0 1.0 0.0 1.0 0.018051420891353875 0.0 0.019175881498258107 0.0 
lose032.jpg 225.54124 267.11383 408.9131 336.2314 0.0 0.0 0.0 0.0 0.0 0.0 0.0 0.0 0.90661055 0.9137702 0.90868145 0.9269501 0.0 0.0 0.0 0.0 0.0 0.0 0.0 0.0 0.0 0.0 0.0 0.0 0.04381715845178675 0.037478951348198786 0.042201529608832465 0.03667308666087963 
lose034.jpg 89.51583 98.99722 724.9914 733.71246 0.0 0.0 0.0 0.0 0.0 0.0 0.0 0.0 0.9207121 0.96080667 0.86870545 0.922265 0.0 0.0 0.0 0.0 0.0 0.0 0.0 0.0 0.0 0.0 0.0 0.0 0.6012238977604819 0.6013986271396194 0.5769028262360589 0.6148367608248345 
lose035.jpg 124.25158 88.67071 377.5162 327.98682 0.0 0.0 0.0 0.0 0.0 0.0 0.58351976 0.0 0.9565451 0.9436814 0.32157952 0.7723745 0.0 0.0 0.0 0.0 0.0 0.0 0.0 0.0 0.0 0.0 0.0 0.0 0.2880580808005798 0.2857144421902476 0.30518114187776246 0.2913193660591227 
lose036.jpg 77.88956 234.15707 230.14363 270.61322 0.0 0.0 0.0 0.0 0.69921774 0.85984874 0.5093964 0.0 0.0 0.0 0.2765366 0.63870746 0.6077243 0.0 0.6872984 0.0 0.0 0.0 0.0 0.0 0.0 0.0 0.0 0.0 0.022787217932838884 0.026034693619547373 0.026260203062705205 0.02547155097546318 
lose038.jpg 163.5886 374.49124 463.48172 618.88055 0.0 0.0 0.0 0.0 0.0 0.0 0.0 0.0 0.9564719 0.95067126 0.9386607 0.90497744 0.0 0.0 0.0 0.0 0.0 0.0 0.0 0.0 0.0 0.0 0.0 0.0 0.17066568525288747 0.16370949667008197 0.16421862629238076 0.1604103236191319 
lose039.jpg 485.01752 413.7159 725.96564 504.59186 0.0 0.0 0.0 0.0 0.0 0.0 0.0 0.0 0.8908006 0.8157694 0.67098 0.8007039 0.0 0.0 0.43125165 0.0 0.0 0.0 0.0 0.0 0.0 0.0 0.0 0.0 0.025030165377086192 0.01839422783243313 0.021228785329503886 0.02107827548082419 
lose04.jpg 18.864021 147.34923 316.10028 248.41508 0.0 0.0 0.0 0.0 0.0 0.0 0.0 0.0 0.72133636 0.77991253 0.5925611 0.54705673 0.0 0.0 0.0 0.0 0.0 0.0 0.0 0.0 0.0 0.0 0.0 0.0 0.3537780041419645 0.2090322137330216 0.32475408173117065 0.32672713047623025 
lose040.jpg 415.8219 425.1801 1133.9365 1159.032 0.0 0.0 0.0 0.0 0.0 0.0 0.0 0.0 0.9310713 0.92323893 0.89260983 0.90597194 0.0 0.0 0.0 0.0 0.0 0.0 0.0 0.0 0.0 0.0 0.0 0.0 0.19060682508680554 0.1945219364872685 0.19345822934751158 0.1892154156720197 
lose041.jpg 268.14688 431.7318 731.27905 814.8262 0.0 0.0 0.0 0.0 0.0 0.0 0.0 0.0 0.95678174 0.953072 0.93809116 0.9215151 0.0 0.0 0.0 0.0 0.0 0.0 0.0 0.0 0.0 0.0 0.0 0.0 0.1141632101285615 0.11441144144274573 0.11926515286786091 0.114132354644429 
lose045.jpg 195.38205 227.29187 620.06555 675.0288 0.0 0.0 0.0 0.0 0.0 0.0 0.0 0.0 0.78338605 0.82199174 0.8927676 0.8679076 0.0 0.0 0.0 0.0 0.0 0.0 0.0 0.0 0.0 0.0 0.0 0.0 0.292665234375 0.3712844970703125 0.2971038818359375 0.31795859375 
lose06.jpg 309.6236 321.9884 572.00854 487.99213 0.0 0.0 0.0 0.0 0.48531178 0.0 0.0 0.0 0.0 0.0 0.6391593 0.0 0.0 0.0 0.0 0.0 0.0 0.0 0.0 0.0 0.0 1.0 0.0 1.0 0.06504313558219589 0.0 0.0670561811358647 0.0 
lose07.jpg 174.7886 335.22818 493.30426 625.8484 0.0 0.0 0.0 0.0 0.0 0.0 0.0 0.0 0.9314504 0.9499865 0.7907576 0.9299742 0.0 0.0 0.0 0.0 0.0 0.0 0.0 0.0 0.0 0.0 0.0 0.0 0.2083155086852369 0.22285989488034477 0.2183448732725828 0.2083443052412365 
lose08.jpg 0.0 487.45984 426.5634 717.00653 0.0 0.0 0.0 0.0 0.8528119 0.0 0.49232098 0.0 0.0 0.0 0.0 0.56762034 0.0 0.0 0.0 0.0 0.0 0.0 0.28465804 0.0 0.0 1.0 0.0 0.0 0.189522827888922 0.0 0.19005320192646416 0.208370401348312 
lose09.jpg 286.98727 399.13995 501.85226 520.84796 0.0 0.0 0.0 0.0 0.0 0.0 0.0 0.0 0.924515 0.9078075 0.9208719 0.90785193 0.0 0.0 0.0 0.0 0.0 0.0 0.0 0.0 0.0 0.0 0.0 0.0 0.03551860910131802 0.0278882834443794 0.04529144966220988 0.0294488474457254 
uncovered01.jpg 133.36949 111.90014 536.84576 320.54288 0.0 0.0 0.0 0.0 0.8161265 0.30731964 0.88372654 0.8418958 0.0 0.0 0.0 0.0 0.0 0.71920687 0.0 0.0 0.0 0.0 0.0 0.0 0.0 0.0 0.0 0.0 0.22399140080402064 0.20973209324912254 0.29370526555881965 0.2191092901757367 
uncovered010.jpg 82.92056 275.27332 360.6411 455.11218 0.0 0.0 0.0 0.0 0.0 0.0 0.0 0.0 0.0 0.0 0.0 0.0 0.8713123 0.9551433 0.93797463 0.9641347 0.0 0.0 0.0 0.0 0.0 0.0 0.0 0.0 0.2603872291666667 0.26430485416666666 0.26678097916666665 0.2663730625 
uncovered011.jpg 169.98315 145.07631 426.78946 292.41824 0.0 0.0 0.0 0.0 0.0 0.0 0.0 0.0 0.0 0.0 0.0 0.0 0.5832133 0.95709735 0.9147998 0.88765824 0.7934653 0.0 0.0 0.0 0.0 0.0 0.0 0.0 0.19397179361979167 0.15765973307291667 0.16386041666666668 0.16832177734375 
uncovered011.jpg 449.4645 346.2448 599.6965 398.8643 0.0 0.0 0.0 0.0 0.86899585 0.8807163 0.9385939 0.7575009 0.0 0.0 0.0 0.0 0.0 0.0 0.0 0.0 0.0 0.0 0.0 0.0 0.0 0.0 0.0 0.0 0.03374031168619792 0.034157491048177085 0.032938031005859375 0.03506219482421875 
uncovered012.jpg 114.051926 310.5121 508.67905 649.33765 0.0 0.0 0.0 0.0 0.0 0.0 0.0 0.0 0.0 0.0 0.0 0.0 0.9443222 0.9709706 0.95581573 0.9583189 0.0 0.0 0.0 0.0 0.0 0.0 0.0 0.0 0.24608587911232416 0.2449255671618552 0.24599300263774912 0.24365844011027257 
uncovered013.jpg 560.4658 432.42044 749.1955 499.1774 0.0 0.0 0.0 0.0 0.9192298 0.80274636 0.9401006 0.8314532 0.0 0.0 0.0 0.0 0.0 0.0 0.0 0.0 0.0 0.0 0.0 0.0 0.0 0.0 0.0 0.0 0.03453240104166667 0.03452420052083333 0.0335973828125 0.03407015104166667 
uncovered015.jpg 166.63261 194.99628 387.92142 488.48886 0.0 0.0 0.0 0.0 0.0 0.0 0.0 0.0 0.0 0.0 0.0 0.6924678 0.9466439 0.93707067 0.9347706 0.862103 0.0 0.0 0.0 0.0 0.0 0.0 0.0 0.0 0.1947424920352324 0.2049030172413793 0.18752501874062968 0.21239821495502248 
uncovered016.jpg 68.53146 68.06505 337.1889 204.9005 0.0 0.0 0.0 0.0 0.0 0.0 0.0 0.0 0.0 0.0 0.0 0.0 0.8485186 0.94541985 0.8214383 0.93275666 0.0 0.0 0.0 0.0 0.0 0.0 0.0 0.0 0.3082925798160173 0.31828453057359307 0.3118760484307359 0.3184828530844156 
uncovered017.jpg 255.37323 159.61765 798.81165 532.9564 0.0 0.87679106 0.0 0.0 0.0 0.0 0.0 0.0 0.0 0.0 0.0 0.0 0.0 0.0 0.84993285 0.8487756 0.9004004 0.0 0.0 0.0 0.0 0.0 0.0 0.0 0.4661916934742647 0.47034161735983454 0.4373760986328125 0.5968070714613971 
uncovered018.jpg 280.7381 211.19363 574.5169 422.54764 0.0 0.0 0.0 0.0 0.0 0.0 0.0 0.0 0.0 0.0 0.0 0.0 0.93191564 0.8692346 0.88313735 0.0 0.0 0.0 0.0 0.0 0.0 0.0 0.0 1.0 0.1596999180169753 0.16058900181648664 0.16439058280285493 0.0 
uncovered018.jpg 277.69763 210.25684 449.2149 321.1562 0.0 0.0 0.0 0.0 0.0 0.0 0.0 0.0 0.0 0.0 0.0 0.0 0.0 0.0 0.0 0.8958505 0.0 0.0 0.0 0.0 1.0 1.0 1.0 0.0 0.0 0.0 0.0 0.04892272195698302 
uncovered019.jpg 280.7381 211.19363 574.5169 422.54764 0.0 0.0 0.0 0.0 0.0 0.0 0.0 0.0 0.0 0.0 0.0 0.0 0.93191564 0.8692346 0.88313735 0.0 0.0 0.0 0.0 0.0 0.0 0.0 0.0 1.0 0.1596999180169753 0.16058900181648664 0.16439058280285493 0.0 
uncovered02.jpg 85.95547 129.36026 400.84277 451.34186 0.0 0.0 0.0 0.0 0.39559928 0.51874155 0.7588492 0.0 0.0 0.0 0.0 0.0 0.0 0.0 0.0 0.4861618 0.0 0.0 0.0 0.0 0.0 0.0 0.0 0.0 0.31900699136636634 0.28316600975975975 0.3044682103978979 0.2830284346846847 
uncovered020.jpg 307.1197 171.77191 527.38586 233.90195 0.0 0.0 0.0 0.0 0.0 0.0 0.0 0.0 0.0 0.0 0.0 0.0 0.7885204 0.8374135 0.80342287 0.0 0.0 0.0 0.0 0.0 0.0 0.0 0.0 1.0 0.04927373178688013 0.05019492923933575 0.04903218802152105 0.0 
uncovered020.jpg 122.362854 238.30005 577.48645 421.69562 0.0 0.0 0.0 0.0 0.0 0.0 0.6482811 0.78678095 0.0 0.0 0.0 0.0 0.33375776 0.30843925 0.4001528 0.40762398 0.0 0.0 0.0 0.0 0.0 0.0 0.0 0.0 0.2988938309217283 0.3278245236392312 0.3060811360677083 0.3061460109943515 
uncovered023.jpg 379.0243 389.44135 725.293 588.63525 0.0 0.0 0.0 0.0 0.0 0.0 0.0 0.0 0.7286563 0.81362814 0.8081665 0.88883483 0.0 0.0 0.0 0.0 0.0 0.0 0.0 0.0 0.0 0.0 0.0 0.0 0.07789395221586827 0.0789761302038003 0.08015713439779902 0.08057924496340474 
uncovered023.jpg 199.84834 373.23596 718.2144 845.0 0.0 0.0 0.0 0.0 0.0 0.0 0.0 0.0 0.0 0.0 0.0 0.0 0.0 0.0 0.60859025 0.39773726 0.0 0.0 0.0 0.0 1.0 1.0 0.0 0.0 0.0 0.0 0.2856901515505529 0.16564816410334293 
uncovered03.jpg 110.63667 129.10025 312.9764 249.11462 0.0 0.0 0.0 0.0 0.0 0.0 0.0 0.0 0.8777865 0.0 0.7801802 0.5496914 0.0 0.5372372 0.0 0.0 0.0 0.0 0.0 0.0 0.0 0.0 0.0 0.0 0.20236398111979167 0.5082151692708333 0.23761370442708332 0.23170623372395832 
uncovered03.jpg 239.65009 65.92886 399.86395 157.23077 0.0 0.0 0.0 0.0 0.0 0.0 0.0 0.0 0.0 0.0 0.0 0.0 0.65945214 0.55954635 0.0 0.0 0.0 0.0 0.0 0.0 0.0 0.0 1.0 1.0 0.12189860026041667 0.1207345458984375 0.0 0.0 
uncovered04.jpg 156.90598 149.435 1047.5684 662.3488 0.0 0.0 0.0 0.0 0.0 0.0 0.0 0.0 0.0 0.0 0.7741704 0.0 0.68653876 0.9372533 0.55570483 0.8921535 0.0 0.0 0.0 0.0 0.0 0.0 0.0 0.0 0.526000550125743 0.5222142561156836 0.5151521419181527 0.48104234539323276 
uncovered05.jpg 188.44905 327.19254 362.7913 404.14484 0.0 0.0 0.0 0.0 0.0 0.0 0.0 0.0 0.0 0.0 0.0 0.0 0.0 0.0 0.90144354 0.83765054 0.80992556 0.8184123 0.0 0.0 0.0 0.0 0.0 0.0 0.05717460712399369 0.09057824553775702 0.04795963384338269 0.07197509577110203 
uncovered06.jpg 97.68187 397.80508 329.92514 556.67285 0.0 0.0 0.0 0.0 0.0 0.0 0.0 0.0 0.0 0.0 0.0 0.0 0.96814805 0.9725896 0.9458686 0.889425 0.0 0.0 0.0 0.0 0.0 0.0 0.0 0.0 0.09830089750744048 0.10167539889219576 0.09794633384314375 0.10417301776758157 
uncovered07.jpg 352.34073 297.54504 690.92487 547.52814 0.0 0.0 0.0 0.0 0.0 0.0 0.0 0.0 0.0 0.0 0.0 0.0 0.93960285 0.87768346 0.9449871 0.9101469 0.0 0.0 0.0 0.0 0.0 0.0 0.0 0.0 0.13119740030686525 0.13584090264452364 0.1288991113852339 0.10930922956262183 
uncovered08.jpg 163.92479 104.70259 398.13217 286.6788 0.0 0.0 0.0 0.0 0.0 0.0 0.0 0.0 0.92405456 0.89704955 0.9100353 0.9034013 0.0 0.7474565 0.0 0.0 0.0 0.0 0.0 0.0 0.0 0.0 0.0 0.0 0.2006599429143126 0.20541530573210923 0.2005727143655838 0.19914216984463276 
uncovered08.jpg 346.96436 52.58394 576.8329 216.50085 0.0 0.0 0.0 0.0 0.0 0.0 0.0 0.0 0.0 0.0 0.0 0.0 0.0 0.0 0.0 0.49168798 0.0 0.0 0.0 0.0 1.0 1.0 1.0 0.0 0.0 0.0 0.0 0.17739802186322975 
uncovered09.jpg 53.42493 59.845985 454.3493 359.44186 0.0 0.0 0.0 0.0 0.0 0.0 0.0 0.0 0.0 0.0 0.0 0.0 0.9449009 0.9478291 0.92547363 0.9342436 0.0 0.0 0.0 0.0 0.0 0.0 0.0 0.0 0.3651579366566717 0.36016580772113943 0.35066803317091455 0.3461692981634183 
well0_0002.jpg 26.088272 366.77777 250.63066 468.0 0.72903734 0.9001483 0.88905764 0.8009521 0.0 0.0 0.0 0.0 0.0 0.0 0.0 0.0 0.0 0.0 0.0 0.0 0.0 0.0 0.0 0.0 0.0 0.0 0.0 0.0 0.14998230502136753 0.1387587401747558 0.11940671741452992 0.13611603565705127 
well0_0005.jpg 25.0654 262.71246 289.0 498.86487 0.95058924 0.96219033 0.8519622 0.910209 0.0 0.0 0.0 0.0 0.0 0.0 0.0 0.0 0.0 0.0 0.0 0.0 0.0 0.0 0.0 0.0 0.0 0.0 0.0 0.0 0.3591061029277021 0.3359354367434164 0.34523946071694206 0.3316344520731602 
well0_0006.jpg 27.835535 264.61365 126.60621 322.6198 0.9405888 0.93750393 0.9192332 0.93312544 0.0 0.0 0.0 0.0 0.0 0.0 0.0 0.0 0.0 0.0 0.0 0.0 0.0 0.0 0.0 0.0 0.0 0.0 0.0 0.0 0.03907243325492045 0.03895655083077309 0.038499910810492866 0.03883801110276166 
well0_0007.jpg 117.73424 279.24448 254.4214 375.94833 0.94099486 0.93965095 0.93171287 0.9391439 0.0 0.0 0.0 0.0 0.0 0.0 0.0 0.0 0.0 0.0 0.0 0.0 0.0 0.0 0.0 0.0 0.0 0.0 0.0 0.0 0.0812755990829101 0.08122079451598374 0.08164987578512181 0.08140785180412767 
well0_0009.jpg 171.29257 84.50805 281.48846 158.81554 0.9439875 0.9331231 0.92798936 0.92118496 0.0 0.0 0.0 0.0 0.0 0.0 0.0 0.0 0.0 0.0 0.0 0.0 0.0 0.0 0.0 0.0 0.0 0.0 0.0 0.0 0.04683195430729042 0.04731699051415245 0.04535836122841672 0.04683483630773652 
well0_0010.jpg 112.982605 311.62506 224.03749 425.72333 0.9318871 0.90688264 0.9106585 0.91466594 0.0 0.0 0.0 0.0 0.0 0.0 0.0 0.0 0.0 0.0 0.0 0.0 0.0 0.0 0.0 0.0 0.0 0.0 0.0 0.0 0.06474362930349542 0.060864763151272525 0.062499186667786505 0.06258094401943151 
well0_0011.jpg 28.772892 449.2254 259.59695 612.81244 0.95531917 0.9456284 0.90627086 0.91754144 0.0 0.0 0.0 0.0 0.0 0.0 0.0 0.0 0.0 0.0 0.0 0.0 0.0 0.0 0.0 0.0 0.0 0.0 0.0 0.0 0.21689580347603565 0.2146632823808676 0.2174939067777382 0.22184312479177676 
well0_0011.jpg 72.60565 244.89926 182.13324 287.4312 0.9365887 0.89791864 0.92671084 0.8913218 0.0 0.0 0.0 0.0 0.0 0.0 0.0 0.0 0.0 0.0 0.0 0.0 0.0 0.0 0.0 0.0 0.0 0.0 0.0 0.0 0.026758391396503 0.026109331739827216 0.02688827849463215 0.026320671034388426 
well0_0013.jpg 173.09564 520.0932 993.4022 843.0624 0.95518047 0.9622865 0.95273274 0.9428421 0.0 0.0 0.0 0.0 0.0 0.0 0.0 0.0 0.0 0.0 0.0 0.0 0.0 0.0 0.0 0.0 0.0 0.0 0.0 0.0 0.1752616825810185 0.1703534915123457 0.17110166698816873 0.17071514113940328 
well0_0017.jpg 323.70535 641.2779 668.20984 782.1712 0.90990657 0.9096452 0.9071846 0.8938121 0.0 0.0 0.0 0.0 0.0 0.0 0.0 0.0 0.0 0.0 0.0 0.0 0.0 0.0 0.0 0.0 0.0 0.0 0.0 0.0 0.031210377383134 0.031622203936792694 0.029981887880176184 0.03316406752346965 
well0_0019.jpg 156.42148 469.64362 894.82947 1053.1819 0.96566397 0.96615857 0.9614358 0.95376986 0.0 0.0 0.0 0.0 0.0 0.0 0.0 0.0 0.0 0.0 0.0 0.0 0.0 0.0 0.0 0.0 0.0 0.0 0.0 0.0 0.28939535509902264 0.2770636011445473 0.2899510312178498 0.28604387699331274 
well0_0020.jpg 535.876 478.2652 1001.811 771.6562 0.95056415 0.9278788 0.92931503 0.9285099 0.0 0.0 0.0 0.0 0.0 0.0 0.0 0.0 0.0 0.0 0.0 0.0 0.0 0.0 0.0 0.0 0.0 0.0 0.0 0.0 0.08789938593106995 0.0868848058127572 0.08952480991190843 0.08647820617926955 
well0_0020.jpg 369.94214 1091.1964 1080.0 1439.5405 0.0 0.0 0.0 0.0 0.0 0.0 0.0 0.0 0.0 0.0 0.0 0.0 0.0 0.0 0.0 0.4193856 0.0 0.0 0.0 0.0 1.0 1.0 1.0 0.0 0.0 0.0 0.0 0.15904352133166152 
well0_0021.jpg 264.38376 560.3934 785.3534 851.9972 0.9461044 0.92822355 0.92699337 0.9138544 0.0 0.0 0.0 0.0 0.0 0.0 0.0 0.0 0.0 0.0 0.0 0.0 0.0 0.0 0.0 0.0 0.0 0.0 0.0 0.0 0.0976830853748714 0.09810778959297839 0.09797180426954732 0.0965305909207819 
well0_0021.jpg 0.0 250.15446 241.44823 498.10895 0.0 0.0 0.0 0.55946374 0.0 0.0 0.0 0.0 0.0 0.0 0.0 0.0 0.0 0.0 0.0 0.0 0.0 0.0 0.0 0.0 1.0 1.0 1.0 0.0 0.0 0.0 0.0 0.038495480886702675 
well0_0025.jpg 15.016957 0.23282994 344.6495 181.47414 0.95406693 0.9635401 0.92361015 0.9527835 0.0 0.0 0.0 0.0 0.0 0.0 0.0 0.0 0.0 0.0 0.0 0.0 0.0 0.0 0.0 0.0 0.0 0.0 0.0 0.0 0.3788846108809854 0.37185770815568187 0.3840629250020229 0.3792486100391508 
well0_0026.jpg 13.508308 470.77625 1080.0 1171.6877 0.9600502 0.9591418 0.951135 0.9622325 0.0 0.0 0.0 0.0 0.0 0.0 0.0 0.0 0.0 0.0 0.0 0.0 0.0 0.0 0.0 0.0 0.0 0.0 0.0 0.0 0.48433565618569957 0.48631944444444447 0.4793379067001029 0.48065606513631687 
well0_0026.jpg 152.44244 1.9335251 979.75214 349.2113 0.9537753 0.96145725 0.9430359 0.9579727 0.0 0.0 0.0 0.0 0.0 0.0 0.0 0.0 0.0 0.0 0.0 0.0 0.0 0.0 0.0 0.0 0.0 0.0 0.0 0.0 0.18719109680426954 0.18473912117412553 0.1899098990483539 0.1863258142039609 
well0_0027.jpg 112.26984 658.4625 805.0555 1066.0101 0.9610764 0.9673982 0.94972056 0.9490585 0.0 0.0 0.0 0.0 0.0 0.0 0.0 0.0 0.0 0.0 0.0 0.0 0.0 0.0 0.0 0.0 0.0 0.0 0.0 0.0 0.1844900374549897 0.1815477912808642 0.1778690441743827 0.18003616898148148 
well0_0027.jpg 447.1601 416.7299 1080.0 669.2133 0.95167696 0.5925678 0.93737614 0.9337427 0.0 0.0 0.0 0.0 0.0 0.0 0.0 0.0 0.0 0.5729437 0.0 0.0 0.0 0.0 0.0 0.0 0.0 0.0 0.0 0.0 0.10274022231867284 0.10457384902263374 0.10456559043852881 0.10285314991640947 
well0_0028.jpg 217.42534 513.4217 795.37225 948.41724 0.9610344 0.89504427 0.9510569 0.95121825 0.0 0.0 0.0 0.0 0.0 0.0 0.0 0.0 0.0 0.0 0.0 0.0 0.0 0.0 0.0 0.0 0.0 0.0 0.0 0.0 0.16165401757008746 0.1593768687307099 0.16144142433449074 0.1599391758294753 
well3_0001.jpg 0.0 362.06366 1067.3993 1403.6014 0.0 0.0 0.0 0.0 0.0 0.0 0.0 0.0 0.8556374 0.0 0.0 0.5502687 0.0 0.8820127 0.67681754 0.0 0.0 0.0 0.0 0.0 0.0 0.0 0.0 0.0 0.636149369855967 0.714851305298354 0.7103829089506173 0.6822638567386832 
well3_0002.jpg 79.7539 129.33513 314.1241 363.03275 0.0 0.0 0.0 0.0 0.0 0.0 0.0 0.0 0.0 0.0 0.0 0.0 0.95579803 0.961742 0.91117483 0.90111476 0.0 0.0 0.0 0.0 0.0 0.0 0.0 0.0 0.38795750111645005 0.37922438958741544 0.3753062664871115 0.3829405888451925 
well3_0003.jpg 329.74414 771.2162 709.3207 1041.0059 0.0 0.0 0.0 0.0 0.0 0.0 0.0 0.0 0.0 0.0 0.0 0.0 0.93364614 0.9132406 0.9097277 0.912596 0.0 0.0 0.0 0.0 0.0 0.0 0.0 0.0 0.06584736890753601 0.058893701372813786 0.06402047867637603 0.05926585507490998 
well3_0004.jpg 162.93773 0.7598669 382.76413 287.9111 0.0 0.0 0.0 0.0 0.0 0.0 0.0 0.0 0.0 0.0 0.0 0.0 0.93382555 0.9412575 0.92088634 0.911184 0.0 0.0 0.0 0.0 0.0 0.0 0.0 0.0 0.3984085449178914 0.3678478443214531 0.3772033861420613 0.3776134920848825 
well3_0005.jpg 146.82376 590.966 841.7476 1079.6938 0.0 0.0 0.0 0.0 0.0 0.0 0.0 0.0 0.0 0.0 0.0 0.0 0.9463218 0.93398744 0.9310467 0.93847483 0.0 0.0 0.0 0.0 0.0 0.0 0.0 0.0 0.21838260352366254 0.21482978475437242 0.2239403894997428 0.21306473845807614 
well3_0006.jpg 65.85322 731.34326 867.6297 1364.9327 0.0 0.0 0.0 0.0 0.0 0.0 0.0 0.0 0.0 0.0 0.0 0.0 0.934184 0.93511343 0.93170875 0.83657163 0.0 0.0 0.0 0.0 0.0 0.0 0.0 0.0 0.2696459257651749 0.32664426199202673 0.2657026427469136 0.30234515657150207 
well3_0007.jpg 385.77206 907.1809 925.5839 1188.6359 0.0 0.0 0.0 0.0 0.0 0.0 0.0 0.0 0.0 0.0 0.0 0.0 0.95681244 0.95927495 0.94325846 0.92628485 0.0 0.0 0.0 0.0 0.0 0.0 0.0 0.0 0.10152660228587963 0.09769337344071502 0.09952514146090535 0.10011383182227367 
well3_0008.jpg 92.430176 385.70996 787.07855 1305.4957 0.0 0.0 0.0 0.0 0.0 0.0 0.0 0.0 0.0 0.0 0.0 0.0 0.9186362 0.950315 0.9151914 0.94379306 0.0 0.0 0.0 0.0 0.0 0.0 0.0 0.0 0.4172802935313786 0.41083313239454733 0.41824616608796295 0.4158266219778807 
well3_0009.jpg 117.512375 687.4129 754.14636 1246.7219 0.0 0.0 0.0 0.0 0.0 0.0 0.0 0.0 0.9508847 0.97831887 0.92991006 0.88144946 0.0 0.0 0.0 0.0 0.0 0.0 0.0 0.0 0.0 0.0 0.0 0.0 0.24263438786008232 0.2289577707047325 0.2589473419817387 0.24667994872042182 
well3_0011.jpg 322.23193 877.3385 864.0 1239.7885 0.0 0.0 0.0 0.0 0.0 0.0 0.0 0.0 0.0 0.0 0.0 0.0 0.94756466 0.9692769 0.94432926 0.9307785 0.0 0.0 0.0 0.0 0.0 0.0 0.0 0.0 0.11912654358663677 0.11837131829909336 0.11853099870093074 0.12079904815297068 
well3_0012.jpg 278.48502 1052.383 726.0791 1314.124 0.0 0.0 0.0 0.0 0.0 0.0 0.0 0.0 0.0 0.0 0.0 0.0 0.954689 0.9659411 0.9399424 0.93896836 0.0 0.0 0.0 0.0 0.0 0.0 0.0 0.0 0.07033652788327065 0.0706221733564212 0.06927835440930025 0.0695086067105517 
well3_0015.jpg 1.159497 1402.1179 1863.6655 2863.244 0.0 0.0 0.0 0.0 0.0 0.0 0.0 0.0 0.0 0.0 0.0 0.0 0.8298811 0.87574506 0.83138853 0.8437196 0.0 0.0 0.0 0.0 0.0 0.0 0.0 0.0 0.2838704301496592 0.1708831002192242 0.19921564172815392 0.22912536432713637 
well3_0015.jpg 3023.2058 2008.5833 4127.1235 2583.2852 0.0 0.0 0.0 0.0 0.0 0.0 0.0 0.0 0.0 0.0 0.0 0.0 0.0 0.6909502 0.0 0.0 0.0 0.0 0.0 0.0 1.0 0.0 1.0 1.0 0.0 0.039837597819512766 0.0 0.0 
well3_0015.jpg 127.558876 699.1911 881.7171 957.1597 0.0 0.0 0.0 0.0 0.0 0.0 0.0 0.0 0.0 0.0 0.0 0.0 0.0 0.37132028 0.0 0.33490357 0.0 0.0 0.0 0.0 1.0 0.0 1.0 0.0 0.0 0.012216397273687668 0.0 0.015325612982604729 
well3_0016.jpg 74.76888 234.73636 244.15787 427.89496 0.0 0.0 0.0 0.0 0.0 0.0 0.0 0.0 0.0 0.0 0.0 0.0 0.89826226 0.9089795 0.8941183 0.8934244 0.0 0.0 0.0 0.0 0.0 0.0 0.0 0.0 0.3650068042896412 0.189345703125 0.1838078138563368 0.18362667507595487 
well3_0019.jpg 247.69926 190.92351 520.64215 402.15375 0.0 0.0 0.0 0.0 0.0 0.0 0.0 0.0 0.9687317 0.96422136 0.94754905 0.9232888 0.0 0.0 0.0 0.0 0.0 0.0 0.0 0.0 0.0 0.0 0.0 0.0 0.1876750946044922 0.1887934366861979 0.1886266835530599 0.1895543924967448 
well3_0019.jpg 147.75507 106.12861 334.91336 217.09204 0.9460344 0.9225236 0.92440504 0.8730462 0.0 0.0 0.0 0.0 0.0 0.0 0.0 0.0 0.0 0.0 0.0 0.0 0.0 0.0 0.0 0.0 0.0 0.0 0.0 0.0 0.06760327657063803 0.06945566177368163 0.07434030532836915 0.07260248184204102 
well3_0020.jpg 0.0 192.16855 718.96216 786.82227 0.0 0.0 0.0 0.0 0.0 0.0 0.0 0.0 0.5992599 0.0 0.0 0.0 0.74105585 0.9524793 0.89851856 0.9190151 0.0 0.0 0.0 0.0 0.0 0.0 0.0 0.0 0.586132179542824 0.6185380497685186 0.5772155309606481 0.6313025806568286 
well3_0021.jpg 140.19757 182.9828 398.68295 328.88348 0.0 0.0 0.0 0.0 0.0 0.0 0.0 0.0 0.62508124 0.0 0.70224416 0.0 0.0 0.90710926 0.0 0.77718717 0.0 0.0 0.0 0.0 0.0 0.0 0.0 0.0 0.15001300940380818 0.1396800386902447 0.1389403603327074 0.13996833761115865 
well3_0023.jpg 246.93486 222.68983 349.78476 275.68118 0.0 0.0 0.0 0.0 0.0 0.0 0.0 0.0 0.0 0.0 0.0 0.71667486 0.891385 0.0 0.8840228 0.0 0.0 0.0 0.0 0.0 0.0 1.0 0.0 0.0 0.03314574460351669 0.0 0.03425819913393997 0.026023350551906587 
well3_0024.jpg 141.4566 842.2685 735.4928 1181.4904 0.0 0.0 0.0 0.0 0.0 0.0 0.0 0.0 0.91424876 0.8488223 0.9055608 0.6670811 0.0 0.52786 0.0 0.65753883 0.0 0.0 0.0 0.0 0.0 0.0 0.0 0.0 0.12957179944701647 0.12249875417952674 0.12322869446051955 0.1225782656571502 
well3_0025.jpg 174.4745 243.84128 442.51874 416.73315 0.0 0.0 0.0 0.0 0.0 0.0 0.0 0.0 0.9586206 0.95342255 0.94616497 0.9604402 0.0 0.0 0.0 0.0 0.0 0.0 0.0 0.0 0.0 0.0 0.0 0.0 0.18008726490504848 0.18136225712564663 0.18268002713512463 0.17640037559998933 
well3_0028.jpg 88.378136 149.76193 355.0 368.28287 0.0 0.0 0.0 0.0 0.0 0.0 0.0 0.0 0.0 0.0 0.0 0.0 0.95745873 0.96042156 0.90103996 0.91756433 0.0 0.0 0.0 0.0 0.0 0.0 0.0 0.0 0.33451477257532536 0.34624387609942353 0.3507656036429548 0.35172797067213407 
well3_0030.jpg 0.0 141.26454 992.07574 1322.148 0.0 0.0 0.0 0.0 0.0 0.0 0.0 0.0 0.0 0.0 0.0 0.0 0.87572414 0.97331774 0.8287427 0.92123324 0.0 0.0 0.0 0.0 0.0 0.0 0.0 0.0 0.73185546875 0.7532958783436214 0.7415353330761317 0.7589798739711934 
well3_0037.jpg 0.0 0.0 682.35724 159.27802 0.41246542 0.8764779 0.0 0.8724539 0.37058243 0.0 0.0 0.0 0.0 0.0 0.0 0.0 0.0 0.0 0.0 0.0 0.0 0.0 0.52488226 0.0 0.0 0.0 0.0 0.0 0.05370911288512969 0.04977126127111115 0.06515436384909877 0.04783405335259745 
well3_0037.jpg 0.0 585.38086 801.28564 1706.0 0.0 0.0 0.0 0.0 0.0 0.0 0.0 0.0 0.0 0.0 0.81624097 0.0 0.60138005 0.0 0.0 0.63065106 0.0 0.0 0.0 0.0 0.0 1.0 0.0 0.0 0.9763959233953693 0.0 0.41120310668229776 0.8766880335030773 
well3_0038.jpg 2.1019695 0.0 1280.0 1627.1586 0.0 0.0 0.0 0.0 0.0 0.0 0.0 0.0 0.0 0.0 0.0 0.0 0.8280876 0.89879006 0.8868462 0.9014275 0.0 0.0 0.0 0.0 0.0 0.0 0.0 0.0 0.9410942766339391 0.9471024257217174 0.9382864590965709 0.9522195330817702 
well3_0039.jpg 3.171533 769.4833 2468.9104 2794.7478 0.0 0.0 0.0 0.0 0.0 0.0 0.0 0.0 0.0 0.0 0.0 0.0 0.8964368 0.8588398 0.8759817 0.63507146 0.0 0.0 0.0 0.0 0.0 0.0 0.0 0.0 0.3135758702156475 0.30948610658998843 0.32521474704820924 0.21408281993473507 
well3_0039.jpg 4072.2617 1107.5137 4606.8477 2282.4504 0.0 0.0 0.0 0.0 0.0 0.0 0.0 0.0 0.0 0.0 0.0 0.0 0.8050342 0.8433108 0.7668389 0.68842894 0.0 0.0 0.0 0.0 0.0 0.0 0.0 0.0 0.03669029204443158 0.0394408104351028 0.03508368441106851 0.04009258992387434 
well3_0040.jpg 32.34306 98.46027 230.93697 305.32202 0.0 0.0 0.0 0.0 0.0 0.0 0.0 0.0 0.0 0.0 0.0 0.0 0.96651036 0.9621744 0.94246686 0.931978 0.0 0.0 0.0 0.0 0.0 0.0 0.0 0.0 0.29739452123962995 0.2904301597406217 0.29981711562893626 0.29432973616057856 
well3_0041.jpg 150.55591 172.33432 1276.6339 1706.0 0.0 0.0 0.0 0.0 0.0 0.0 0.0 0.0 0.0 0.0 0.0 0.0 0.5732431 0.8615961 0.8709827 0.53414303 0.0 0.0 0.0 0.0 0.0 0.0 0.0 0.0 0.9464552956477139 0.9662227295208089 0.7908792153612251 0.7870470948124267 
well3_0044.jpg 0.0 865.01013 862.7409 1567.9603 0.0 0.0 0.0 0.0 0.0 0.0 0.0 0.0 0.0 0.0 0.0 0.0 0.95365644 0.9380068 0.9306836 0.94551986 0.0 0.0 0.0 0.0 0.0 0.0 0.0 0.0 0.2777256168486225 0.27896898813012894 0.2896966931968054 0.26257298459481243 
well3_0046.jpg 246.9385 557.8047 864.4479 898.3632 0.0 0.0 0.0 0.0 0.0 0.0 0.0 0.0 0.71887535 0.0 0.48591712 0.2882124 0.0 0.80507547 0.27125093 0.5411389 0.0 0.0 0.0 0.0 0.0 0.0 0.0 0.0 0.17770667558834877 0.10141690477912808 0.16165599681712964 0.10536049171730325 
well3_0048.jpg 372.3078 682.1142 1053.769 1039.1384 0.0 0.0 0.0 0.0 0.0 0.0 0.0 0.0 0.8418491 0.40983146 0.9114652 0.86546326 0.0 0.0 0.0 0.0 0.0 0.0 0.0 0.0 0.0 0.0 0.0 0.0 0.1182231460382909 0.10940968454619984 0.11733129430700232 0.11443244839891975 
well3_0048.jpg 344.94522 1162.4462 1080.0 1449.7837 0.0 0.0 0.0 0.0 0.0 0.0 0.0 0.0 0.0 0.0 0.0 0.0 0.28180304 0.78887576 0.2736798 0.0 0.0 0.0 0.0 0.0 0.0 0.0 0.0 1.0 0.10117467056086034 0.10185610924238041 0.1081739486882716 0.0 
well3_0051.jpg 1.6501465 677.34094 3983.9216 2886.0757 0.0 0.0 0.0 0.0 0.0 0.0 0.0 0.0 0.33585384 0.0 0.0 0.0 0.4570631 0.88472223 0.5778972 0.8431913 0.0 0.0 0.0 0.0 0.0 0.0 0.0 0.0 0.5395012372805749 0.5523167990853266 0.5171392307359985 0.5181962629404578 
well3_0051.jpg 0.0 0.16940917 513.95654 976.6978 0.8044128 0.0 0.32617208 0.4557219 0.5874585 0.0 0.0 0.0 0.0 0.0 0.0 0.0 0.0 0.83833265 0.0 0.5570354 0.0 0.0 0.0 0.0 0.0 0.0 0.0 0.0 0.028824107637130676 0.03151556297584816 0.029196044545114777 0.030191087919007605 
well3_0055.jpg 1787.2655 1102.1014 3532.4106 2250.115 0.0 0.0 0.0 0.0 0.0 0.0 0.0 0.0 0.36664775 0.794644 0.8720061 0.89905274 0.47124782 0.0 0.0 0.0 0.0 0.0 0.0 0.0 0.0 0.0 0.0 0.0 0.12342030717512217 0.12416024855625482 0.12279607827771348 0.12580339408215183 
well3_0055.jpg 89.817406 1242.0468 3565.4258 2897.958 0.0 0.0 0.0 0.0 0.0 0.0 0.0 0.0 0.0 0.0 0.0 0.0 0.0 0.560507 0.35651895 0.0 0.0 0.0 0.0 0.0 1.0 0.0 0.0 1.0 0.0 0.3613946231794946 0.1902880570525495 0.0 
well3_0056.jpg 44.73562 124.41591 267.88397 361.3009 0.0 0.0 0.0 0.0 0.0 0.0 0.0 0.0 0.0 0.0 0.0 0.0 0.9629876 0.95487493 0.94665265 0.91663235 0.0 0.0 0.0 0.0 0.0 0.0 0.0 0.0 0.3059056486906829 0.30372138129340276 0.3122461389612268 0.30825249565972224 
well3_0058.jpg 70.43885 102.795555 234.98447 278.54254 0.0 0.0 0.0 0.0 0.0 0.0 0.0 0.0 0.0 0.0 0.0 0.0 0.9570267 0.96393734 0.9471149 0.94022 0.0 0.0 0.0 0.0 0.0 0.0 0.0 0.0 0.22007980429024215 0.21980144174311753 0.2199263493465257 0.22210426052798596 
well3_0059.jpg 21.81709 715.9219 2820.1477 3447.8054 0.0 0.0 0.0 0.0 0.0 0.0 0.0 0.0 0.2983082 0.0 0.7941641 0.63652194 0.86739826 0.9330457 0.82782096 0.6309981 0.0 0.0 0.0 0.0 0.0 0.0 0.0 0.0 0.4678044260284047 0.48003729675041795 0.4699397459932806 0.17834380036028324 
well3_0059.jpg 0.0 0.0 765.8057 306.9177 0.0 0.0 0.0 0.0 0.0 0.0 0.0 0.0 0.0 0.0 0.0 0.0 0.0 0.5566148 0.0 0.0 0.0 0.0 0.0 0.0 1.0 0.0 1.0 1.0 0.0 0.014758911643008637 0.0 0.0 
well3_0061.jpg 0.0 996.6392 1381.0421 2466.5962 0.0 0.0 0.0 0.0 0.0 0.0 0.0 0.0 0.0 0.0 0.0 0.0 0.29663545 0.0 0.0 0.8744074 0.0 0.0 0.0 0.0 0.0 1.0 1.0 0.0 0.217135221379284 0.0 0.0 0.12747510274251303 
well3_0061.jpg 521.3924 351.42856 2303.5752 1320.223 0.0 0.0 0.0 0.0 0.0 0.0 0.0 0.0 0.0 0.0 0.7253175 0.8141235 0.83850914 0.0 0.6033457 0.0 0.0 0.0 0.0 0.0 0.0 1.0 0.0 0.0 0.10841707928190505 0.0 0.10855880391941149 0.11148156060112847 
well3_0061.jpg 3635.876 965.6921 4606.3125 2498.5405 0.78051585 0.74512225 0.31531993 0.0 0.0 0.0 0.0 0.0 0.0 0.0 0.0 0.0 0.0 0.0 0.2585134 0.72439396 0.0 0.0 0.0 0.0 0.0 0.0 0.0 0.0 0.09340714819637345 0.07906694765444156 0.08467065159676006 0.08656203501509051 
well3_0062.jpg 0.5962944 109.0189 222.21764 311.1096 0.0 0.0 0.0 0.0 0.0 0.0 0.0 0.0 0.0 0.0 0.0 0.0 0.9545249 0.95506215 0.92498034 0.9287696 0.0 0.0 0.0 0.0 0.0 0.0 0.0 0.0 0.328652452136515 0.3313918562708102 0.3377718622826489 0.33805939002959673 
well3_0063.jpg 69.01649 409.64252 564.57715 680.50665 0.0 0.0 0.0 0.0 0.0 0.0 0.0 0.0 0.0 0.0 0.0 0.0 0.9305575 0.9331385 0.91026914 0.909882 0.0 0.0 0.0 0.0 0.0 0.0 0.0 0.0 0.2211810469262991 0.21709111833061087 0.22489161484530412 0.19855152047516617 
well3_0064.jpg 101.87308 176.21893 278.2826 347.47043 0.0 0.0 0.0 0.0 0.0 0.0 0.0 0.0 0.0 0.0 0.0 0.0 0.96501565 0.97625864 0.9565945 0.9619886 0.0 0.0 0.0 0.0 0.0 0.0 0.0 0.0 0.17118877246913752 0.16799417548865594 0.17038017459197574 0.17098865942834898 
well3_0065.jpg 0.04181671 0.0 1007.408 1007.93384 0.0 0.0 0.0 0.0 0.0 0.0 0.0 0.0 0.0 0.0 0.0 0.51670635 0.8599985 0.9390529 0.79252577 0.5119083 0.0 0.0 0.0 0.0 0.0 0.0 0.0 0.0 0.6166244293338478 0.6528796939300412 0.5869176793981481 0.6054981272505144 
well3_0066.jpg 51.545486 163.40292 263.33426 433.0 0.0 0.0 0.0 0.0 0.0 0.0 0.0 0.0 0.0 0.0 0.0 0.0 0.91207063 0.9283713 0.90598136 0.95293665 0.0 0.0 0.0 0.0 0.0 0.0 0.0 0.0 0.4034674231657488 0.3978513334961805 0.4079786041037484 0.40573908553917215 
well3_0067.jpg 1088.9858 369.64627 3079.7322 1773.9459 0.0 0.0 0.0 0.0 0.0 0.0 0.0 0.0 0.8576676 0.8798914 0.67202246 0.9199439 0.0 0.0 0.4922104 0.0 0.0 0.0 0.0 0.0 0.0 0.0 0.0 0.0 0.1741101771225164 0.1802740685733748 0.18371040438428338 0.17554542949660815 
well3_0067.jpg 0.0 928.2788 1660.9019 3379.4204 0.0 0.0 0.0 0.0 0.0 0.0 0.0 0.0 0.0 0.0 0.0 0.0 0.0 0.9042307 0.0 0.8765042 0.0 0.0 0.0 0.0 1.0 0.0 1.0 0.0 0.0 0.25563845222378956 0.0 0.2670188558445055 
well3_0070.jpg 99.50351 237.09546 245.33054 372.4846 0.0 0.0 0.0 0.0 0.0 0.0 0.0 0.0 0.0 0.0 0.0 0.0 0.96064484 0.9685796 0.96195704 0.92201674 0.0 0.0 0.0 0.0 0.0 0.0 0.0 0.0 0.10824634697718424 0.10750847848430396 0.10693540441476762 0.10821551515832176 
well3_0072.jpg 22.510584 108.015686 235.9938 343.4263 0.0 0.0 0.0 0.0 0.0 0.0 0.0 0.0 0.0 0.0 0.0 0.0 0.95464873 0.9547343 0.9432221 0.94693387 0.0 0.0 0.0 0.0 0.0 0.0 0.0 0.0 0.36032077419134706 0.3610023118799968 0.3579498569637893 0.36115344045635106 
well3_0073.jpg 566.0524 270.91733 1450.8248 1076.6001 0.0 0.0 0.0 0.0 0.0 0.0 0.0 0.0 0.0 0.0 0.0 0.0 0.9618154 0.94995207 0.94756186 0.95008206 0.0 0.0 0.0 0.0 0.0 0.0 0.0 0.0 0.34922882373113856 0.3252989969135803 0.34438981971389376 0.3502734604644327 
well3_0075.jpg 2086.7053 318.51782 4246.9688 2282.5508 0.0 0.0 0.0 0.0 0.0 0.0 0.0 0.0 0.9378687 0.97288585 0.855396 0.87139845 0.0 0.0 0.0 0.0 0.0 0.0 0.0 0.0 0.0 0.0 0.0 0.0 0.26961033825030545 0.26642150250972546 0.2851801114808385 0.2767775107803659 
well3_0075.jpg 0.0 435.49847 2151.808 2776.9595 0.0 0.0 0.77186906 0.77115077 0.0 0.0 0.0 0.0 0.0 0.0 0.0 0.0 0.0 0.8758765 0.0 0.4502709 0.0 0.0 0.0 0.0 1.0 0.0 0.0 0.0 0.0 0.31637651733900785 0.29662282182355965 0.3024464987923579 
well3_0076.jpg 75.75119 255.31596 307.8063 429.0 0.0 0.0 0.0 0.0 0.0 0.0 0.0 0.0 0.0 0.0 0.0 0.0 0.96681535 0.96643627 0.9528704 0.9409013 0.0 0.0 0.0 0.0 0.0 0.0 0.0 0.0 0.29176815598350925 0.29014984110092806 0.2913316868819586 0.2987655177702732 
well3_0077.jpg 0.05460205 3.0080566 1313.7584 2023.726 0.0 0.0 0.0 0.0 0.0 0.0 0.0 0.0 0.0 0.0 0.0 0.0 0.9545081 0.9311476 0.9277936 0.9398359 0.0 0.0 0.0 0.0 0.0 0.0 0.0 0.0 0.16669285150221835 0.16331880671497234 0.16741072101357543 0.16763927318431712 
well3_0077.jpg 1077.7596 119.80107 3867.0142 2238.3098 0.0 0.0 0.0 0.0 0.0 0.0 0.0 0.0 0.84324634 0.8628266 0.76077753 0.7565972 0.0 0.0 0.3475756 0.0 0.0 0.0 0.0 0.0 0.0 0.0 0.0 0.0 0.35755148051697533 0.3710497946405607 0.3638966878255208 0.34879491358627507 
well3_0078.jpg 107.708954 233.2863 254.42215 294.74332 0.0 0.0 0.0 0.0 0.0 0.0 0.0 0.0 0.0 0.0 0.0 0.0 0.9464873 0.9396493 0.9018271 0.9223788 0.0 0.0 0.0 0.0 0.0 0.0 0.0 0.0 0.04013065543912453 0.041218687237126135 0.0383341159857909 0.03982199597065827 
well3_0079.jpg 135.79036 1578.0232 2053.3936 2920.8442 0.0 0.0 0.0 0.0 0.0 0.0 0.0 0.0 0.0 0.0 0.0 0.0 0.9494562 0.9543 0.9402735 0.9354467 0.0 0.0 0.0 0.0 0.0 0.0 0.0 0.0 0.24626626237315621 0.27074141260060025 0.26460293713158106 0.28034193776579996 
well3_0080.jpg 67.93538 160.14423 260.21103 378.1774 0.0 0.0 0.0 0.0 0.0 0.0 0.0 0.0 0.0 0.0 0.0 0.0 0.9725371 0.9655785 0.9429885 0.949099 0.0 0.0 0.0 0.0 0.0 0.0 0.0 0.0 0.22982549613508033 0.22695284660928677 0.23141024597746834 0.2246841121991667 
well3_0081.jpg 150.23488 513.67236 1059.4436 1155.8563 0.0 0.0 0.0 0.0 0.0 0.0 0.0 0.0 0.0 0.0 0.0 0.0 0.9178589 0.89377344 0.90211433 0.9092194 0.0 0.0 0.0 0.0 0.0 0.0 0.0 0.0 0.3754367605452675 0.36938126929012344 0.3849685329861111 0.36141919045781895 
well3_0083.jpg 1.6316757 267.85602 1071.5376 1097.9723 0.0 0.0 0.0 0.0 0.0 0.0 0.0 0.0 0.0 0.0 0.0 0.0 0.92185694 0.95588034 0.8811969 0.9411012 0.0 0.0 0.0 0.0 0.0 0.0 0.0 0.0 0.6175900205761317 0.5710817338605967 0.5902507716049382 0.5237763631687243 
well3_0084.jpg 85.31472 219.36093 221.64844 333.23477 0.0 0.0 0.0 0.0 0.0 0.0 0.0 0.0 0.0 0.0 0.0 0.0 0.51080203 0.93779486 0.9140496 0.8434742 0.35387516 0.0 0.0 0.0 0.0 0.0 0.0 0.0 0.13915568685640733 0.10831084147344351 0.10426640136636993 0.11043505022726322 
well3_0087.jpg 164.04109 221.0797 1034.2152 1137.6385 0.0 0.0 0.0 0.0 0.0 0.0 0.0 0.0 0.27408555 0.0 0.6534377 0.71087694 0.5907889 0.7280407 0.0 0.373208 0.0 0.0 0.0 0.0 0.0 0.0 0.0 0.0 0.527703671553498 0.5128380996013374 0.4890098138503086 0.479213364840535 
well3_0088.jpg 38.469696 45.766594 310.04456 378.51102 0.0 0.0 0.0 0.0 0.0 0.0 0.0 0.0 0.85272926 0.0 0.48365283 0.0 0.8570259 0.95789737 0.856095 0.9109266 0.0 0.0 0.0 0.0 0.0 0.0 0.0 0.0 0.6268519198845066 0.5837005414561991 0.6020413508306742 0.6081780495465526 
well3_0089.jpg 63.686714 275.86502 1077.8322 1178.2529 0.0 0.0 0.0 0.0 0.0 0.0 0.0 0.0 0.0 0.0 0.0 0.0 0.9248326 0.9593309 0.8483479 0.88547766 0.0 0.0 0.0 0.0 0.0 0.0 0.0 0.0 0.5850283725565844 0.5884469039351852 0.6349954587834362 0.5210720486111111 
well3_0090.jpg 2.5672805 29.37241 348.0 448.69122 0.0 0.0 0.0 0.0 0.0 0.0 0.0 0.0 0.0 0.0 0.0 0.0 0.92653733 0.96224904 0.88111836 0.9575391 0.0 0.0 0.0 0.0 0.0 0.0 0.0 0.0 0.8154489439345521 0.8970374894718589 0.8043868480293797 0.8456127455534086 
well3_0093.jpg 0.0 270.96762 1061.8221 1378.2903 0.0 0.0 0.0 0.0 0.0 0.0 0.0 0.0 0.0 0.0 0.0 0.0 0.9279338 0.9804348 0.8460682 0.9095896 0.0 0.0 0.0 0.0 0.0 0.0 0.0 0.0 0.7695555234053498 0.7560312178497942 0.7886328928755144 0.7560959201388889 
well3_0095.jpg 39.459595 540.8399 1072.4965 1285.5383 0.0 0.0 0.0 0.0 0.0 0.0 0.0 0.0 0.0 0.0 0.0 0.0 0.9272424 0.94766945 0.8976739 0.94245857 0.0 0.0 0.0 0.0 0.0 0.0 0.0 0.0 0.47888599537037035 0.4946636686599794 0.4944747460133745 0.48982827771347737 
well3_0096.jpg 53.578884 150.67131 248.00877 350.4061 0.0 0.0 0.0 0.0 0.0 0.0 0.0 0.0 0.0 0.0 0.0 0.0 0.9620527 0.9650776 0.9478029 0.9324642 0.0 0.0 0.0 0.0 0.0 0.0 0.0 0.0 0.2545406618334502 0.2593369405071956 0.25703565853617816 0.25955468045677654 
well3_0097.jpg 441.12842 320.28873 1079.4972 1081.9241 0.0 0.0 0.0 0.0 0.0 0.0 0.0 0.0 0.48022255 0.8764212 0.0 0.72032404 0.8841862 0.72778606 0.7584789 0.7416367 0.0 0.0 0.0 0.0 0.0 0.0 0.0 0.0 0.31263133359053497 0.47883451485339507 0.4817473636831276 0.5209872524434156 
well3_0098.jpg 78.781944 201.3105 321.08444 397.30353 0.0 0.0 0.0 0.0 0.0 0.0 0.0 0.0 0.0 0.0 0.0 0.0 0.9626516 0.959236 0.9319041 0.9647299 0.0 0.0 0.0 0.0 0.0 0.0 0.0 0.0 0.2847220532950022 0.2789718551894442 0.28244890719445676 0.28005070120153325 
well3_0098.jpg 30.190254 108.23903 148.55547 153.75359 0.0 0.0 0.0 0.0 0.0 0.0 0.0 0.0 0.0 0.0 0.0 0.0 0.7868542 0.0 0.71957415 0.64237595 0.0 0.0 0.0 0.0 0.0 1.0 0.0 0.0 0.03176966140074451 0.0 0.02962891488832375 0.028827598062251217 
well3_0099.jpg 6.7750626 571.8747 1049.1764 1297.3516 0.0 0.0 0.0 0.0 0.0 0.0 0.0 0.0 0.6619403 0.0 0.0 0.0 0.0 0.719846 0.6944496 0.6504999 0.0 0.0 0.0 0.0 0.0 0.0 0.0 0.0 0.39795380015432097 0.48626418627829215 0.4160088734567901 0.3638358410493827 
well3_0099.jpg 21.74826 1253.2373 1079.7725 1439.3601 0.35825208 0.5080188 0.0 0.5857424 0.0 0.0 0.0 0.0 0.0 0.0 0.0 0.0 0.0 0.0 0.0 0.0 0.0 0.0 0.0 0.0 0.0 0.0 1.0 0.0 0.12628391846707818 0.12855899763695988 0.0 0.12662192764596195 
well3_0100.jpg 82.085915 161.0097 343.0 338.33075 0.0 0.0 0.0 0.0 0.0 0.0 0.0 0.0 0.0 0.0 0.0 0.0 0.9603129 0.9455994 0.9372186 0.9253374 0.0 0.0 0.0 0.0 0.0 0.0 0.0 0.0 0.2951531957930093 0.2912107368932256 0.28685228682751623 0.28756231020854733 
well3_0102.jpg 0.0 147.34737 316.0645 464.74 0.0 0.0 0.0 0.0 0.0 0.0 0.0 0.37500077 0.9202162 0.71188694 0.704256 0.514485 0.0 0.85030633 0.0 0.0 0.0 0.0 0.0 0.0 0.0 0.0 0.0 0.0 0.5514412994662401 0.5212285169885167 0.5812701929313918 0.5294397651126612 
well3_0103.jpg 144.34064 420.25946 908.36615 1049.4196 0.0 0.0 0.0 0.0 0.0 0.0 0.0 0.0 0.0 0.0 0.0 0.0 0.8672949 0.9140498 0.85567635 0.8397475 0.0 0.0 0.0 0.0 0.0 0.0 0.0 0.0 0.3746242042824074 0.30908846129115225 0.3486527858153292 0.32223779497813787 
well3_0104.jpg 98.63967 94.18692 244.0315 334.0225 0.0 0.0 0.0 0.0 0.85339314 0.0 0.0 0.0 0.0 0.0 0.0 0.0 0.4095284 0.88958406 0.9089884 0.8942545 0.0 0.0 0.0 0.0 0.0 0.0 0.0 0.0 0.23093561964226839 0.22288106866139137 0.22993820577810747 0.22848597716782065 
well3_0108.jpg 2.3000197 195.64206 303.11462 481.2408 0.0 0.0 0.0 0.0 0.0 0.0 0.0 0.0 0.0 0.0 0.0 0.0 0.94011265 0.94996846 0.9256109 0.9359811 0.0 0.0 0.0 0.0 0.0 0.0 0.0 0.0 0.41023927425294615 0.41089050274286426 0.41120772862383304 0.40247773963594274 
well3_0109.jpg 171.09488 429.34906 652.43994 583.70685 0.0 0.0 0.0 0.0 0.0 0.0 0.0 0.0 0.87364024 0.84848905 0.7846542 0.55602056 0.0 0.0 0.0 0.0 0.0 0.0 0.0 0.0 0.0 0.0 0.0 0.0 0.05803118666208453 0.057864018499064696 0.061494257362330954 0.06049791778128381 
well3_0110.jpg 103.74866 101.30988 433.02234 347.62207 0.0 0.0 0.0 0.0 0.0 0.0 0.0 0.0 0.0 0.0 0.0 0.0 0.86420345 0.63900185 0.8131171 0.8706394 0.0 0.0 0.0 0.0 0.0 0.0 0.0 0.0 0.47972724607093226 0.6266505139607954 0.4873574925138655 0.4986910793561002 
well3_0111.jpg 0.0 591.8983 992.1801 977.60657 0.0 0.0 0.0 0.0 0.0 0.0 0.0 0.0 0.901026 0.7566728 0.87040246 0.7934427 0.0 0.0 0.0 0.0 0.0 0.0 0.0 0.0 0.0 0.0 0.0 0.0 0.24607257105195474 0.23936390817901235 0.2379734519675926 0.18650322305812758 
well3_0112.jpg 6.440891 157.42323 1067.3507 891.0308 0.0 0.0 0.0 0.0 0.0 0.0 0.0 0.0 0.8681939 0.0 0.92450804 0.5284077 0.34384805 0.93563795 0.0 0.8178156 0.0 0.0 0.0 0.0 0.0 0.0 0.0 0.0 0.39250053447157346 0.3825054552960604 0.3986993296374931 0.3792086871903751 
well3_0113.jpg 184.5093 416.67487 1080.0 1423.7212 0.0 0.0 0.0 0.0 0.0 0.0 0.0 0.0 0.0 0.0 0.0 0.0 0.85409737 0.9496387 0.8313415 0.6560549 0.0 0.0 0.0 0.0 0.0 0.0 0.0 0.0 0.46048041593180483 0.4417992479913776 0.45413690476190477 0.4813290895061728 
well3_0114.jpg 178.95486 323.73825 1062.621 1196.2141 0.0 0.0 0.0 0.0 0.0 0.0 0.0 0.0 0.84773076 0.5695063 0.80022836 0.87829036 0.0 0.50109065 0.0 0.0 0.0 0.0 0.0 0.0 0.0 0.0 0.0 0.0 0.564516099215535 0.5414047630529836 0.5086240113811729 0.49574162487139917 
well3_0120.jpg 32.621723 599.1059 623.63617 1242.8844 0.0 0.0 0.0 0.0 0.0 0.0 0.0 0.0 0.88356495 0.0 0.7291095 0.0 0.0 0.0 0.0 0.0 0.0 0.0 0.0 0.0 0.0 1.0 0.0 1.0 0.19903871429692405 0.0 0.17899800886691777 0.0 
well3_0120.jpg 73.327545 448.9728 1080.0 1752.0089 0.0 0.0 0.0 0.0 0.0 0.0 0.0 0.0 0.0 0.0 0.0 0.0 0.0 0.70917547 0.0 0.40898508 0.0 0.0 0.0 0.0 1.0 0.0 1.0 0.0 0.0 0.6861951375810839 0.0 0.6440987261979494 
well3_0123.jpg 36.099537 274.30933 900.5193 1250.8793 0.0 0.0 0.0 0.0 0.0 0.0 0.0 0.0 0.0 0.0 0.0 0.0 0.9452696 0.9600902 0.9431761 0.8821641 0.0 0.0 0.0 0.0 0.0 0.0 0.0 0.0 0.4175654333235352 0.41356374314128946 0.4152606922398589 0.41570372207524986 
well3_0124.jpg 0.0 116.59158 1012.09436 1049.5591 0.0 0.0 0.0 0.0 0.0 0.0 0.0 0.0 0.35355526 0.0 0.0 0.0 0.0 0.9318166 0.81429267 0.77521294 0.0 0.0 0.0 0.0 0.0 0.0 0.0 0.0 0.5936038773148148 0.607157399369856 0.6989387217078189 0.6610351964377572 
well3_0125.jpg 7.307473 26.72091 1078.1394 1323.0153 0.0 0.0 0.0 0.0 0.0 0.0 0.0 0.0 0.0 0.0 0.0 0.0 0.9437275 0.9651702 0.8823761 0.94495803 0.0 0.0 0.0 0.0 0.0 0.0 0.0 0.0 0.6222000093527871 0.6833014600192963 0.6337209202158033 0.6234026424084904 
well3_0126.jpg 307.98303 839.96747 841.11224 1062.8601 0.0 0.0 0.0 0.0 0.0 0.0 0.0 0.0 0.0 0.0 0.0 0.0 0.92146385 0.95440334 0.9067507 0.9277797 0.0 0.0 0.0 0.0 0.0 0.0 0.0 0.0 0.05692162779722173 0.05849458430553094 0.059238573140025994 0.058098121505011126 
